time,flux,flux_err,kepid,disposition
131.51253248364083,1.0498608,0.00027256465,5360082,FALSE POSITIVE
131.5329670980791,1.0502794,0.00027269023,5360082,FALSE POSITIVE
131.55340161240747,1.0506803,0.00027272908,5360082,FALSE POSITIVE
131.5738360266114,1.0509753,0.00027260443,5360082,FALSE POSITIVE
131.59427054082335,1.050581,0.00027278095,5360082,FALSE POSITIVE
131.61470515491965,1.0509664,0.00027280385,5360082,FALSE POSITIVE
131.635139568898,1.0510564,0.00027274207,5360082,FALSE POSITIVE
131.65557408275345,1.0511726,0.00027278723,5360082,FALSE POSITIVE
131.67600869661692,1.0508746,0.00027281098,5360082,FALSE POSITIVE
131.69644321035594,1.0513208,0.00027279556,5360082,FALSE POSITIVE
131.71687762398506,1.0515054,0.00027292,5360082,FALSE POSITIVE
131.73731213749852,1.051019,0.00027295784,5360082,FALSE POSITIVE
131.75774675100547,1.0506734,0.00027291145,5360082,FALSE POSITIVE
131.77818116428534,1.0505477,0.00027289556,5360082,FALSE POSITIVE
131.79861567756598,1.0505592,0.0002729363,5360082,FALSE POSITIVE
131.8190502908401,1.0506094,0.00027288555,5360082,FALSE POSITIVE
131.83948470388714,1.0509441,0.00027284358,5360082,FALSE POSITIVE
131.85991921693494,1.0507382,0.00027283293,5360082,FALSE POSITIVE
131.88035372985905,1.0505774,0.00027284824,5360082,FALSE POSITIVE
131.90078824267403,1.0507141,0.00027279276,5360082,FALSE POSITIVE
131.92122275537258,1.0508121,0.00027283098,5360082,FALSE POSITIVE
131.94165726806386,1.0500709,0.00027276407,5360082,FALSE POSITIVE
131.962091780646,1.0504707,0.0002728307,5360082,FALSE POSITIVE
131.98252629311173,1.050436,0.00027287437,5360082,FALSE POSITIVE
132.00296080545377,1.0504844,0.00027288677,5360082,FALSE POSITIVE
132.0233952176859,1.0495151,0.00027287763,5360082,FALSE POSITIVE
132.04382982991956,1.0499938,0.0002727322,5360082,FALSE POSITIVE
132.06426434202876,1.0495042,0.00027279346,5360082,FALSE POSITIVE
132.08469875402807,1.0493935,0.0002725697,5360082,FALSE POSITIVE
132.10513326591172,1.048861,0.0002727107,5360082,FALSE POSITIVE
132.12556787778885,1.0489672,0.00027273412,5360082,FALSE POSITIVE
132.14600228955533,1.0491918,0.0002727963,5360082,FALSE POSITIVE
132.16643680108973,1.0483532,0.0002725707,5360082,FALSE POSITIVE
132.18687141273404,1.0486008,0.00027266244,5360082,FALSE POSITIVE
132.20730592415202,1.0480727,0.00027243615,5360082,FALSE POSITIVE
132.22774033556925,1.047911,0.0002724366,5360082,FALSE POSITIVE
132.2481748467544,1.0469198,0.00027254634,5360082,FALSE POSITIVE
132.26860945804947,1.0471387,0.0002724096,5360082,FALSE POSITIVE
132.28904386911745,1.04626,0.0002723025,5360082,FALSE POSITIVE
132.3094783800625,1.0462266,0.0002723461,5360082,FALSE POSITIVE
132.3299129910156,1.0457219,0.00027242608,5360082,FALSE POSITIVE
132.35034740185074,1.0452098,0.00027230245,5360082,FALSE POSITIVE
132.37078191257024,1.0447882,0.00027223796,5360082,FALSE POSITIVE
132.39121642316604,1.0445648,0.00027211363,5360082,FALSE POSITIVE
132.4116509336527,1.0438391,0.00027213476,5360082,FALSE POSITIVE
132.4320854441321,1.0435963,0.00027205414,5360082,FALSE POSITIVE
132.45251995450235,1.0426384,0.00027198938,5360082,FALSE POSITIVE
132.47295456475695,1.0423305,0.0002720104,5360082,FALSE POSITIVE
132.4933889748936,1.0413549,0.00027187128,5360082,FALSE POSITIVE
132.51382348502375,1.041078,0.00027184366,5360082,FALSE POSITIVE
132.53425789492758,1.0406796,0.00027189613,5360082,FALSE POSITIVE
132.55469250482565,1.0400347,0.00027180352,5360082,FALSE POSITIVE
132.57512701473024,1.0394601,0.00027180184,5360082,FALSE POSITIVE
132.59556142440124,1.0384033,0.00027174846,5360082,FALSE POSITIVE
132.61599603395734,1.0376382,0.00027159613,5360082,FALSE POSITIVE
132.6364305435054,1.0376725,0.00027168193,5360082,FALSE POSITIVE
132.65686505294434,1.0359375,0.00027143394,5360082,FALSE POSITIVE
132.6772994622661,1.0351329,0.0002713564,5360082,FALSE POSITIVE
132.69773407146567,1.0345068,0.0002713712,5360082,FALSE POSITIVE
132.71816858055536,1.0340277,0.00027130425,5360082,FALSE POSITIVE
132.73860298964428,1.0325416,0.0002711273,5360082,FALSE POSITIVE
132.75903759861103,1.0322047,0.00027117424,5360082,FALSE POSITIVE
132.77947210746788,1.0318253,0.0002711456,5360082,FALSE POSITIVE
132.79990651620756,1.0347217,0.00027123236,5360082,FALSE POSITIVE
132.8203410248243,1.0649904,0.0002739828,5360082,FALSE POSITIVE
132.84077563344908,1.0723068,0.00027552797,5360082,FALSE POSITIVE
132.86121004195593,1.0660957,0.00027380808,5360082,FALSE POSITIVE
132.88164455033984,1.0606198,0.00027348124,5360082,FALSE POSITIVE
132.90207915861538,1.0567471,0.00027325714,5360082,FALSE POSITIVE
132.92251356677298,1.0508802,0.00027289754,5360082,FALSE POSITIVE
132.94294807480765,1.0460185,0.00027239913,5360082,FALSE POSITIVE
132.9633825828496,1.0388402,0.00027167154,5360082,FALSE POSITIVE
132.98381719077588,1.0335256,0.0002713221,5360082,FALSE POSITIVE
133.00425159857696,1.02847,0.00027081475,5360082,FALSE POSITIVE
133.02468610626966,1.0227495,0.00027039798,5360082,FALSE POSITIVE
133.04512061384594,1.0194174,0.00027006847,5360082,FALSE POSITIVE
133.06555512141495,1.017647,0.00027000357,5360082,FALSE POSITIVE
133.0859896288748,1.0175148,0.00027006536,5360082,FALSE POSITIVE
133.10642413621827,1.0175728,0.0002700228,5360082,FALSE POSITIVE
133.12685864343803,1.0177951,0.000270131,5360082,FALSE POSITIVE
133.14729315054865,1.0165477,0.00026999207,5360082,FALSE POSITIVE
133.16772765754286,1.0139188,0.0002696967,5360082,FALSE POSITIVE
133.18816216452979,1.00904,0.00026932862,5360082,FALSE POSITIVE
133.20859677140834,1.0047876,0.0002689624,5360082,FALSE POSITIVE
133.22903117816895,1.0012976,0.00026856014,5360082,FALSE POSITIVE
133.24946568480664,0.9988261,0.0002683637,5360082,FALSE POSITIVE
133.26990019133518,0.9956208,0.00026804136,5360082,FALSE POSITIVE
133.2903346977473,0.9943922,0.0002679695,5360082,FALSE POSITIVE
133.31076920415217,0.9931501,0.00026797908,5360082,FALSE POSITIVE
133.33120361044712,0.99267215,0.00026782675,5360082,FALSE POSITIVE
133.35163821662718,0.99231213,0.00026781036,5360082,FALSE POSITIVE
133.3720727226828,0.9906592,0.00026770702,5360082,FALSE POSITIVE
133.39250722862926,0.9883991,0.00026737078,5360082,FALSE POSITIVE
133.4129417344593,0.98919207,0.0002675329,5360082,FALSE POSITIVE
133.4333762402821,0.99175775,0.00026772777,5360082,FALSE POSITIVE
133.45381074599572,0.99583787,0.00026810885,5360082,FALSE POSITIVE
133.47424515147577,0.9976841,0.00026807864,5360082,FALSE POSITIVE
133.49467975706648,0.9984148,0.0002682763,5360082,FALSE POSITIVE
133.51511426243087,0.99673027,0.00026825018,5360082,FALSE POSITIVE
133.53554866767809,0.99565667,0.00026797375,5360082,FALSE POSITIVE
133.55598327291955,0.9942775,0.0002680436,5360082,FALSE POSITIVE
133.5764177779347,0.99263114,0.00026783688,5360082,FALSE POSITIVE
133.59685218294908,0.99184203,0.00026767876,5360082,FALSE POSITIVE
133.61728668784053,0.9894942,0.0002676326,5360082,FALSE POSITIVE
133.6377212926236,0.98874897,0.00026747995,5360082,FALSE POSITIVE
133.65815579739865,0.9868824,0.00026750253,5360082,FALSE POSITIVE
133.67859020194737,0.98535126,0.0002671936,5360082,FALSE POSITIVE
133.69902480649762,0.98417526,0.0002670896,5360082,FALSE POSITIVE
133.71945931081427,0.9832703,0.00026692558,5360082,FALSE POSITIVE
133.7398937151229,0.98187613,0.00026676423,5360082,FALSE POSITIVE
133.76032821932313,0.98081356,0.00026670677,5360082,FALSE POSITIVE
133.78076282340044,0.97902673,0.0002665632,5360082,FALSE POSITIVE
133.8011972274835,0.9783938,0.0002665266,5360082,FALSE POSITIVE
133.8216317313345,0.97693336,0.000266378,5360082,FALSE POSITIVE
133.84206623518548,0.9758004,0.00026617627,5360082,FALSE POSITIVE
133.8625007389128,0.97444487,0.00026612415,5360082,FALSE POSITIVE
133.88293524241453,0.972829,0.000266015,5360082,FALSE POSITIVE
133.9033697460327,0.9719447,0.00026600706,5360082,FALSE POSITIVE
133.92380424941075,0.9708145,0.00026591797,5360082,FALSE POSITIVE
133.94423875267967,0.96981496,0.00026580412,5360082,FALSE POSITIVE
133.96467325583217,0.9687956,0.00026556896,5360082,FALSE POSITIVE
133.98510765897663,0.9675274,0.0002654968,5360082,FALSE POSITIVE
134.00554226201348,0.966798,0.000265348,5360082,FALSE POSITIVE
134.02597676493315,0.9649758,0.0002653567,5360082,FALSE POSITIVE
134.04641116772837,0.9636381,0.00026516488,5360082,FALSE POSITIVE
134.06684577041597,0.96192193,0.00026521375,5360082,FALSE POSITIVE
134.0872802729864,0.96177554,0.00026502635,5360082,FALSE POSITIVE
134.10771467543236,0.9594745,0.00026485918,5360082,FALSE POSITIVE
134.12814917788637,0.95920795,0.00026488965,5360082,FALSE POSITIVE
134.14858378022473,0.9578901,0.00026470414,5360082,FALSE POSITIVE
134.16901828243863,0.9566897,0.00026471147,5360082,FALSE POSITIVE
134.18945268454263,0.95519733,0.00026455446,5360082,FALSE POSITIVE
134.20988728653174,0.9540088,0.0002644706,5360082,FALSE POSITIVE
134.2303217883964,0.9530934,0.0002643474,5360082,FALSE POSITIVE
134.25075619015115,0.9516208,0.00026426275,5360082,FALSE POSITIVE
134.27119069179025,0.9504273,0.00026411336,5360082,FALSE POSITIVE
134.29162529342284,0.9493372,0.00026407873,5360082,FALSE POSITIVE
134.31205969494476,0.94861466,0.00026403443,5360082,FALSE POSITIVE
134.33249419635104,0.9477602,0.00026387334,5360082,FALSE POSITIVE
134.35292879763438,0.9465592,0.00026380486,5360082,FALSE POSITIVE
134.37336319880706,0.9456901,0.0002637448,5360082,FALSE POSITIVE
134.41423220079741,0.9436226,0.00026363705,5360082,FALSE POSITIVE
134.43466670173802,0.94168156,0.00026337014,5360082,FALSE POSITIVE
134.4551012024458,0.9408085,0.0002633613,5360082,FALSE POSITIVE
134.4755357031463,0.93948585,0.00026328157,5360082,FALSE POSITIVE
134.49597030373843,0.93845177,0.0002631984,5360082,FALSE POSITIVE
134.51640470421262,0.93725574,0.00026308125,5360082,FALSE POSITIVE
134.53683920456388,0.9365102,0.0002628704,5360082,FALSE POSITIVE
134.55727360480523,0.9355368,0.0002628851,5360082,FALSE POSITIVE
134.5777082049317,0.9341809,0.00026282528,5360082,FALSE POSITIVE
134.5981427049337,0.93289405,0.000262718,5360082,FALSE POSITIVE
134.61857710494223,0.93229914,0.0002626393,5360082,FALSE POSITIVE
134.6390116047187,0.93164444,0.0002625896,5360082,FALSE POSITIVE
134.65944620448863,0.93082124,0.00026243104,5360082,FALSE POSITIVE
134.67988070414867,0.92941076,0.00026239688,5360082,FALSE POSITIVE
134.7003152036923,0.92875147,0.00026230142,5360082,FALSE POSITIVE
134.72074970311223,0.92717594,0.00026217243,5360082,FALSE POSITIVE
134.74118420242303,0.9271123,0.00026213,5360082,FALSE POSITIVE
134.76161860161665,0.92588013,0.0002620318,5360082,FALSE POSITIVE
134.78205310068734,0.92523515,0.0002620358,5360082,FALSE POSITIVE
134.80248769976606,0.92498386,0.00026197996,5360082,FALSE POSITIVE
134.8229221986112,0.9236682,0.00026190278,5360082,FALSE POSITIVE
134.84335659745557,0.92347306,0.00026184466,5360082,FALSE POSITIVE
134.86379119617777,0.92176074,0.00026157004,5360082,FALSE POSITIVE
134.88422569479008,0.9205443,0.00026155665,5360082,FALSE POSITIVE
134.9046601932787,0.92011476,0.0002616083,5360082,FALSE POSITIVE
134.9250945916574,0.91889083,0.00026139582,5360082,FALSE POSITIVE
134.94552918992122,0.91904014,0.00026146,5360082,FALSE POSITIVE
134.96596368806058,0.91795534,0.0002614071,5360082,FALSE POSITIVE
134.98639808609005,0.91694474,0.00026127396,5360082,FALSE POSITIVE
135.00683268412104,0.91665196,0.00026123528,5360082,FALSE POSITIVE
135.02726718191116,0.9159736,0.0002612865,5360082,FALSE POSITIVE
135.0477015797078,0.91583294,0.0002612839,5360082,FALSE POSITIVE
135.06813607738877,0.9147983,0.00026118205,5360082,FALSE POSITIVE
135.08857067494682,0.91503733,0.00026122123,5360082,FALSE POSITIVE
135.1090050723942,0.9138686,0.00026107114,5360082,FALSE POSITIVE
135.12943956972595,0.91334033,0.00026104748,5360082,FALSE POSITIVE
135.14987416693475,0.91260546,0.00026096162,5360082,FALSE POSITIVE
135.17030866403366,0.91198426,0.00026092408,5360082,FALSE POSITIVE
135.19074306101538,0.9114163,0.00026088598,5360082,FALSE POSITIVE
135.21117755787418,0.9116304,0.0002608777,5360082,FALSE POSITIVE
135.23161215474101,0.9108078,0.0002608382,5360082,FALSE POSITIVE
135.2520465513735,0.91102433,0.0002608428,5360082,FALSE POSITIVE
135.27248104799946,0.91013587,0.00026073476,5360082,FALSE POSITIVE
135.29291544451553,0.9103148,0.0002607769,5360082,FALSE POSITIVE
135.3133500409167,0.909301,0.00026065146,5360082,FALSE POSITIVE
135.33378453719342,0.91023695,0.00026077035,5360082,FALSE POSITIVE
135.35421893324383,0.9095798,0.0002607728,5360082,FALSE POSITIVE
135.37465352929576,0.90867305,0.0002606125,5360082,FALSE POSITIVE
135.39508802533965,0.90980184,0.00026064704,5360082,FALSE POSITIVE
135.41552252115798,0.90823734,0.000260629,5360082,FALSE POSITIVE
135.43595691685914,0.9078092,0.0002605802,5360082,FALSE POSITIVE
135.45639151243813,0.9074255,0.0002604495,5360082,FALSE POSITIVE
135.47682600802364,0.9080862,0.00026060402,5360082,FALSE POSITIVE
135.49726040337555,0.9072461,0.00026058604,5360082,FALSE POSITIVE
135.5176949987217,0.9072429,0.00026047922,5360082,FALSE POSITIVE
135.53812949395797,0.90705335,0.0002604277,5360082,FALSE POSITIVE
135.55856388896063,0.9065028,0.00026044395,5360082,FALSE POSITIVE
135.57899838396406,0.9066308,0.0002605029,5360082,FALSE POSITIVE
135.59943297884456,0.9058882,0.00026042058,5360082,FALSE POSITIVE
135.6198673736144,0.9063595,0.00026043045,5360082,FALSE POSITIVE
135.6403018682613,0.9059915,0.00026041537,5360082,FALSE POSITIVE
135.66073646279983,0.90618896,0.00026035725,5360082,FALSE POSITIVE
135.68117095722118,0.906267,0.00026046849,5360082,FALSE POSITIVE
135.70160535164177,0.90629,0.0002604895,5360082,FALSE POSITIVE
135.72203984582302,0.9064158,0.00026048734,5360082,FALSE POSITIVE
135.7424744398959,0.90609324,0.00026042218,5360082,FALSE POSITIVE
135.76290883395995,0.9065472,0.0002605884,5360082,FALSE POSITIVE
135.78334332779923,0.9057975,0.00026043569,5360082,FALSE POSITIVE
135.80377792163927,0.90617603,0.0002604093,5360082,FALSE POSITIVE
135.82421231524495,0.90645105,0.00026051525,5360082,FALSE POSITIVE
135.84464680884412,0.9061511,0.00026048435,5360082,FALSE POSITIVE
135.86508130233415,0.90588254,0.0002604817,5360082,FALSE POSITIVE
135.88551579558407,0.906288,0.00026049733,5360082,FALSE POSITIVE
135.90595028884127,0.90643007,0.00026052658,5360082,FALSE POSITIVE
135.92638478198205,0.9067404,0.0002605406,5360082,FALSE POSITIVE
135.94681917500566,0.9071009,0.00026058176,5360082,FALSE POSITIVE
135.9672537679071,0.907181,0.00026057888,5360082,FALSE POSITIVE
135.98768826069863,0.9072065,0.00026059305,5360082,FALSE POSITIVE
136.008122653373,0.90694696,0.0002605531,5360082,FALSE POSITIVE
136.0285572460416,0.9069411,0.00026051278,5360082,FALSE POSITIVE
136.0489917384839,0.9081295,0.0002606568,5360082,FALSE POSITIVE
136.069426130809,0.9081704,0.00026064314,5360082,FALSE POSITIVE
136.0898606231276,0.90848625,0.00026068068,5360082,FALSE POSITIVE
136.1102952152214,0.9088477,0.0002607347,5360082,FALSE POSITIVE
136.13072970719077,0.9091524,0.00026077696,5360082,FALSE POSITIVE
136.15116409916664,0.90989596,0.00026079422,5360082,FALSE POSITIVE
136.1715986910276,0.9099827,0.0002608137,5360082,FALSE POSITIVE
136.192033182655,0.91031635,0.0002607603,5360082,FALSE POSITIVE
136.21246757427434,0.91064453,0.00026084913,5360082,FALSE POSITIVE
136.2329020657853,0.9110333,0.00026090612,5360082,FALSE POSITIVE
136.25333665705693,0.9111604,0.00026088566,5360082,FALSE POSITIVE
136.2737710483343,0.9115773,0.00026091427,5360082,FALSE POSITIVE
136.29420553949603,0.9121191,0.0002609357,5360082,FALSE POSITIVE
136.3146401305421,0.91213596,0.0002609482,5360082,FALSE POSITIVE
136.33507452146296,0.9129929,0.0002610641,5360082,FALSE POSITIVE
136.35550901227543,0.9133106,0.0002610473,5360082,FALSE POSITIVE
136.3759435029715,0.9139423,0.0002611104,5360082,FALSE POSITIVE
136.39637799354387,0.9142665,0.00026115388,5360082,FALSE POSITIVE
136.4168124840071,0.91502273,0.0002611642,5360082,FALSE POSITIVE
136.4372469743539,0.91576403,0.00026123918,5360082,FALSE POSITIVE
136.4576815645778,0.91589725,0.00026136576,5360082,FALSE POSITIVE
136.47811595469102,0.91643256,0.00026139646,5360082,FALSE POSITIVE
136.4985504446886,0.9167359,0.0002613802,5360082,FALSE POSITIVE
136.51898493467888,0.9174974,0.00026149824,5360082,FALSE POSITIVE
136.53941942444362,0.918383,0.0002615727,5360082,FALSE POSITIVE
136.55985391409195,0.919215,0.00026164728,5360082,FALSE POSITIVE
136.580288403733,0.9197189,0.00026164664,5360082,FALSE POSITIVE
136.6007228931485,0.9201495,0.0002617305,5360082,FALSE POSITIVE
136.62115738256398,0.921146,0.0002617977,5360082,FALSE POSITIVE
136.64159187173937,0.9213161,0.0002618329,5360082,FALSE POSITIVE
136.66202636092203,0.92246675,0.0002619301,5360082,FALSE POSITIVE
136.68246084987186,0.9241044,0.00026205467,5360082,FALSE POSITIVE
136.70289533881441,0.9237736,0.00026200392,5360082,FALSE POSITIVE
136.72332982753142,0.92423016,0.00026206678,5360082,FALSE POSITIVE
136.74376421624765,0.9245848,0.00026207158,5360082,FALSE POSITIVE
136.7641988047253,0.9261927,0.0002621987,5360082,FALSE POSITIVE
136.78463329320948,0.92614985,0.00026223308,5360082,FALSE POSITIVE
136.80506768157647,0.92726636,0.00026226873,5360082,FALSE POSITIVE
136.82550226970488,0.9285389,0.00026242062,5360082,FALSE POSITIVE
136.8459367578398,0.9292407,0.00026243954,5360082,FALSE POSITIVE
136.86637124585104,0.930108,0.00026250153,5360082,FALSE POSITIVE
136.88680563375237,0.9307266,0.000262635,5360082,FALSE POSITIVE
136.9072402214224,0.93216306,0.00026271958,5360082,FALSE POSITIVE
136.92767470909166,0.93281686,0.0002628456,5360082,FALSE POSITIVE
136.94810909663647,0.9334346,0.00026294388,5360082,FALSE POSITIVE
136.96854368407367,0.93426836,0.00026305774,5360082,FALSE POSITIVE
136.9889781713864,0.9354419,0.00026308975,5360082,FALSE POSITIVE
137.00941255847283,0.9361019,0.0002631945,5360082,FALSE POSITIVE
137.02984704556002,0.9369445,0.00026326373,5360082,FALSE POSITIVE
137.05028163253155,0.93882674,0.00026342738,5360082,FALSE POSITIVE
137.07071601937787,0.9391711,0.00026345754,5360082,FALSE POSITIVE
137.0911505061158,0.9400465,0.00026353786,5360082,FALSE POSITIVE
137.11158509273082,0.9409441,0.00026357354,5360082,FALSE POSITIVE
137.13201947923517,0.94183517,0.0002636857,5360082,FALSE POSITIVE
137.15245396562386,0.94328773,0.00026382125,5360082,FALSE POSITIVE
137.17288845189614,0.94418055,0.00026381016,5360082,FALSE POSITIVE
137.1933230380455,0.94479007,0.0002638908,5360082,FALSE POSITIVE
137.21375742408418,0.94576144,0.00026400163,5360082,FALSE POSITIVE
137.2341919100072,0.9474235,0.00026416528,5360082,FALSE POSITIVE
137.25462629568938,0.94729006,0.0002640882,5360082,FALSE POSITIVE
137.27506088138034,0.94898826,0.00026424666,5360082,FALSE POSITIVE
137.29549536695413,0.94984984,0.00026435233,5360082,FALSE POSITIVE
137.31592975240346,0.95118386,0.0002644324,5360082,FALSE POSITIVE
137.33636433774518,0.95194817,0.0002645789,5360082,FALSE POSITIVE
137.35679882296972,0.95288336,0.0002645921,5360082,FALSE POSITIVE
137.39766769306152,0.9584885,0.00026516305,5360082,FALSE POSITIVE
137.41810227793758,0.95806897,0.00026509335,5360082,FALSE POSITIVE
137.43853676268918,0.95912623,0.00026515126,5360082,FALSE POSITIVE
137.45897114733089,0.9587962,0.00026495906,5360082,FALSE POSITIVE
137.4794057318577,0.95953876,0.0002650541,5360082,FALSE POSITIVE
137.49984021626005,0.9604962,0.00026527888,5360082,FALSE POSITIVE
137.5202746005525,0.9621694,0.00026534023,5360082,FALSE POSITIVE
137.54070908472931,0.96255714,0.00026535866,5360082,FALSE POSITIVE
137.5611436687832,0.9638924,0.0002655338,5360082,FALSE POSITIVE
137.5815780527264,0.9650538,0.00026565013,5360082,FALSE POSITIVE
137.60201253655396,0.96588755,0.00026576227,5360082,FALSE POSITIVE
137.62244712025858,0.9667722,0.00026574655,5360082,FALSE POSITIVE
137.6428816038533,0.967826,0.00026590773,5360082,FALSE POSITIVE
137.66331598733086,0.96861035,0.0002658638,5360082,FALSE POSITIVE
137.68375047068548,0.9699914,0.00026597476,5360082,FALSE POSITIVE
137.7041850538153,0.97025377,0.00026604408,5360082,FALSE POSITIVE
137.7246194369436,0.9720202,0.00026611978,5360082,FALSE POSITIVE
137.745053919949,0.9724342,0.0002661582,5360082,FALSE POSITIVE
137.76548850284598,0.9732469,0.0002662976,5360082,FALSE POSITIVE
137.78592288562504,0.9741283,0.00026638227,5360082,FALSE POSITIVE
137.80635736828117,0.97578824,0.00026653724,5360082,FALSE POSITIVE
137.82679175071098,0.9761413,0.00026655334,5360082,FALSE POSITIVE
137.84722633314232,0.97723645,0.00026655677,5360082,FALSE POSITIVE
137.8676608154492,0.9788403,0.00026685215,5360082,FALSE POSITIVE
137.88809529764694,0.9802756,0.0002669697,5360082,FALSE POSITIVE
137.9085296796111,0.9804291,0.00026687692,5360082,FALSE POSITIVE
137.9289642615695,0.9806701,0.00026691434,5360082,FALSE POSITIVE
137.949398743418,0.98118025,0.0002669588,5360082,FALSE POSITIVE
137.9698331250329,0.9821898,0.00026704516,5360082,FALSE POSITIVE
137.99026770664204,0.9831025,0.0002670291,5360082,FALSE POSITIVE
138.01070218802488,0.9845844,0.00026711097,5360082,FALSE POSITIVE
138.03113656940695,0.9851311,0.00026704077,5360082,FALSE POSITIVE
138.05157105067337,0.9854982,0.00026722843,5360082,FALSE POSITIVE
138.07200563170045,0.98659074,0.00026728856,5360082,FALSE POSITIVE
138.09244011273404,0.9869112,0.00026740952,5360082,FALSE POSITIVE
138.11287449352676,0.988788,0.00026753522,5360082,FALSE POSITIVE
138.13330907421187,0.98934555,0.00026763033,5360082,FALSE POSITIVE
138.1537435548962,0.9896715,0.0002677416,5360082,FALSE POSITIVE
138.17417793533969,0.9914993,0.00026785975,5360082,FALSE POSITIVE
138.19461241567478,0.9917156,0.0002680284,5360082,FALSE POSITIVE
138.21504699601064,0.99266654,0.00026797748,5360082,FALSE POSITIVE
138.23548147610563,0.9934519,0.00026814707,5360082,FALSE POSITIVE
138.25591585609072,0.9948271,0.00026824712,5360082,FALSE POSITIVE
138.27635043596092,0.9961242,0.00026838196,5360082,FALSE POSITIVE
138.29678491582308,0.99594545,0.0002683302,5360082,FALSE POSITIVE
138.31721929545893,0.9971949,0.00026852553,5360082,FALSE POSITIVE
138.33765377497912,0.99758565,0.0002684689,5360082,FALSE POSITIVE
138.35808835437638,0.9983293,0.00026844206,5360082,FALSE POSITIVE
138.37852283366374,0.99882877,0.00026842672,5360082,FALSE POSITIVE
138.39895721283392,1.0002719,0.00026872376,5360082,FALSE POSITIVE
138.41939179188194,1.0000579,0.0002686759,5360082,FALSE POSITIVE
138.43982627070363,1.0015843,0.00026888846,5360082,FALSE POSITIVE
138.46026064952457,1.0019813,0.00026893648,5360082,FALSE POSITIVE
138.48069512822258,1.0023837,0.00026892824,5360082,FALSE POSITIVE
138.5011297068122,1.0031309,0.00026888092,5360082,FALSE POSITIVE
138.52156408516748,1.0029467,0.0002688862,5360082,FALSE POSITIVE
138.54199856351624,1.003802,0.0002690742,5360082,FALSE POSITIVE
138.56243304175587,1.0043515,0.0002691017,5360082,FALSE POSITIVE
138.58286751976266,1.0048528,0.0002690258,5360082,FALSE POSITIVE
138.60330199776217,1.0055251,0.00026924835,5360082,FALSE POSITIVE
138.62373647553613,1.0043766,0.00026900784,5360082,FALSE POSITIVE
138.6441709533101,1.0037067,0.00026900313,5360082,FALSE POSITIVE
138.66460543084395,1.0042338,0.00026906453,5360082,FALSE POSITIVE
138.68503990826866,1.0050861,0.0002692469,5360082,FALSE POSITIVE
138.7054742855762,1.0054228,0.00026919332,5360082,FALSE POSITIVE
138.725908862878,1.0055372,0.00026911887,5360082,FALSE POSITIVE
138.74634333995346,1.0063885,0.00026924475,5360082,FALSE POSITIVE
138.76677771691175,1.0073783,0.00026933395,5360082,FALSE POSITIVE
138.78721229374787,1.0077813,0.00026937842,5360082,FALSE POSITIVE
138.8076467704741,1.0079368,0.00026931855,5360082,FALSE POSITIVE
138.82808114708314,1.0092353,0.00026947213,5360082,FALSE POSITIVE
138.84851562345284,1.0088519,0.0002695189,5360082,FALSE POSITIVE
138.86895019983058,1.0092231,0.00026954885,5360082,FALSE POSITIVE
138.88938467609114,1.0093802,0.00026950205,5360082,FALSE POSITIVE
138.90981905223452,1.0095459,0.0002695504,5360082,FALSE POSITIVE
138.93025362813933,1.0103127,0.00026961605,5360082,FALSE POSITIVE
138.95068810405064,1.0106297,0.00026972848,5360082,FALSE POSITIVE
138.9711224797211,1.0116516,0.00026991533,5360082,FALSE POSITIVE
138.99155695539957,1.0118711,0.00026986495,5360082,FALSE POSITIVE
139.011991530846,1.0126641,0.0002699328,5360082,FALSE POSITIVE
139.03242590617447,1.0119876,0.00026991693,5360082,FALSE POSITIVE
139.05286038149643,1.0121924,0.00026988165,5360082,FALSE POSITIVE
139.0732949565936,1.0123467,0.00026991242,5360082,FALSE POSITIVE
139.09372933156556,1.0132499,0.00026987778,5360082,FALSE POSITIVE
139.11416380642913,1.0135144,0.00026999947,5360082,FALSE POSITIVE
139.1345982811763,1.0153435,0.00027018663,5360082,FALSE POSITIVE
139.15503275569063,1.0160184,0.00027020727,5360082,FALSE POSITIVE
139.17546723019768,1.01744,0.00027032796,5360082,FALSE POSITIVE
139.1959017045956,1.017387,0.00027033003,5360082,FALSE POSITIVE
139.21633607887634,1.0167854,0.00027024478,5360082,FALSE POSITIVE
139.2367706529185,1.0172745,0.0002703455,5360082,FALSE POSITIVE
139.25720512696716,1.0178024,0.00027031684,5360082,FALSE POSITIVE
139.27763950078224,1.0180352,0.0002703453,5360082,FALSE POSITIVE
139.29807407459157,1.017403,0.00027038678,5360082,FALSE POSITIVE
139.31850854817458,1.0184689,0.0002703584,5360082,FALSE POSITIVE
139.3389430216339,1.0186042,0.00027040977,5360082,FALSE POSITIVE
139.3593773949833,1.01814,0.0002703971,5360082,FALSE POSITIVE
139.37981196821784,1.0187392,0.00027041967,5360082,FALSE POSITIVE
139.40024644133518,1.0186393,0.00027030683,5360082,FALSE POSITIVE
139.42068081432808,1.0191131,0.0002703589,5360082,FALSE POSITIVE
139.44111538721336,1.0185169,0.0002704169,5360082,FALSE POSITIVE
139.46154985997418,1.0188724,0.00027042395,5360082,FALSE POSITIVE
139.4819842325087,1.019376,0.00027047232,5360082,FALSE POSITIVE
139.50241870504397,1.0197514,0.00027033384,5360082,FALSE POSITIVE
139.52285327734717,1.0193181,0.0002704094,5360082,FALSE POSITIVE
139.54328764952515,1.0193275,0.00027037776,5360082,FALSE POSITIVE
139.56372212171118,1.019759,0.00027038195,5360082,FALSE POSITIVE
139.58415669365786,1.0192808,0.0002703174,5360082,FALSE POSITIVE
139.60459106549388,1.0192842,0.0002703684,5360082,FALSE POSITIVE
139.62502553721424,1.0192739,0.00027043192,5360082,FALSE POSITIVE
139.6454600088182,1.0193014,0.00027028713,5360082,FALSE POSITIVE
139.6658945802992,1.0201128,0.0002701563,5360082,FALSE POSITIVE
139.68632895166957,1.0194316,0.0002699831,5360082,FALSE POSITIVE
139.70676342280785,1.0201317,0.0002700864,5360082,FALSE POSITIVE
139.72719789393886,1.0199957,0.00027017156,5360082,FALSE POSITIVE
139.74763236484432,1.0198714,0.00027013835,5360082,FALSE POSITIVE
139.76806683574978,1.0197868,0.00027027653,5360082,FALSE POSITIVE
139.78850130641513,1.0193907,0.00027004787,5360082,FALSE POSITIVE
139.80893577697134,1.020345,0.00026989658,5360082,FALSE POSITIVE
139.82937024741113,1.0200133,0.00027008375,5360082,FALSE POSITIVE
139.84980471772724,1.0196456,0.00027016376,5360082,FALSE POSITIVE
139.8702391879342,1.0199258,0.00027008363,5360082,FALSE POSITIVE
139.89067365802475,1.0199704,0.0002701913,5360082,FALSE POSITIVE
139.9111081278752,1.0192311,0.0002702392,5360082,FALSE POSITIVE
139.9315425977329,1.0201695,0.00027026198,5360082,FALSE POSITIVE
139.9519771674677,1.0197178,0.00027010613,5360082,FALSE POSITIVE
139.97241153697541,1.0191877,0.00027003695,5360082,FALSE POSITIVE
139.99284600636747,1.019359,0.00027023186,5360082,FALSE POSITIVE
140.01328037564235,1.0187092,0.0002701665,5360082,FALSE POSITIVE
140.03371494479507,1.0188519,0.00027025628,5360082,FALSE POSITIVE
140.05414941383788,1.0182592,0.0002700691,5360082,FALSE POSITIVE
140.074583882757,1.018915,0.0002699256,5360082,FALSE POSITIVE
140.09501835156698,1.0182937,0.0002699724,5360082,FALSE POSITIVE
140.11545282026054,1.0187628,0.00027006818,5360082,FALSE POSITIVE
140.13588728872128,1.0183493,0.0002699057,5360082,FALSE POSITIVE
140.15632165705756,1.0177718,0.00026990895,5360082,FALSE POSITIVE
140.17675622540264,1.0184528,0.00026985642,5360082,FALSE POSITIVE
140.19719069350685,1.0181329,0.0002698935,5360082,FALSE POSITIVE
140.21762506150117,1.0182204,0.00027001015,5360082,FALSE POSITIVE
140.2380596293806,1.018393,0.00027005764,5360082,FALSE POSITIVE
140.25849409714283,1.0187467,0.00026999976,5360082,FALSE POSITIVE
140.27892846478062,1.0184127,0.0002700891,5360082,FALSE POSITIVE
140.29936293219362,1.0186663,0.00026999012,5360082,FALSE POSITIVE
140.3197974996001,1.0183845,0.00027010601,5360082,FALSE POSITIVE
140.3402318667795,1.0180311,0.00027009664,5360082,FALSE POSITIVE
140.3811008007906,1.0177877,0.000270219,5360082,FALSE POSITIVE
140.401535367615,1.017871,0.00027029365,5360082,FALSE POSITIVE
140.42196973432874,1.017954,0.0002699456,5360082,FALSE POSITIVE
140.44240420092683,1.0180094,0.00026994615,5360082,FALSE POSITIVE
140.462838767402,1.0178874,0.00026982476,5360082,FALSE POSITIVE
140.48327313365007,1.0187211,0.0002698389,5360082,FALSE POSITIVE
140.50370759989892,1.018506,0.00027005145,5360082,FALSE POSITIVE
140.5241419659069,1.0193536,0.00027014603,5360082,FALSE POSITIVE
140.54457653180725,1.0185893,0.0002700594,5360082,FALSE POSITIVE
140.56501099759043,1.0186622,0.00027002578,5360082,FALSE POSITIVE
140.58544546324993,1.0193175,0.00027010508,5360082,FALSE POSITIVE
140.60587992880028,1.0191598,0.00027000657,5360082,FALSE POSITIVE
140.6263143942342,1.0199274,0.00026998698,5360082,FALSE POSITIVE
140.64674885942804,1.0196033,0.00026982135,5360082,FALSE POSITIVE
140.66718322451197,1.0196733,0.00027016056,5360082,FALSE POSITIVE
140.68761778959743,1.0196025,0.00026986067,5360082,FALSE POSITIVE
140.708052254442,1.0205413,0.00027008192,5360082,FALSE POSITIVE
140.7284866191767,1.0209928,0.0002700839,5360082,FALSE POSITIVE
140.74892118379648,1.0207001,0.00027018518,5360082,FALSE POSITIVE
140.7693556481754,1.0213277,0.00027023934,5360082,FALSE POSITIVE
140.78979001256084,1.0201372,0.00027018855,5360082,FALSE POSITIVE
140.8102244767142,1.0218165,0.00027025698,5360082,FALSE POSITIVE
140.83065904086106,1.0222548,0.0002701698,5360082,FALSE POSITIVE
140.8510935047816,1.0224497,0.000270176,5360082,FALSE POSITIVE
140.87152786858496,1.0218089,0.00027048675,5360082,FALSE POSITIVE
140.8919623322654,1.021716,0.0002702471,5360082,FALSE POSITIVE
140.91239689583745,1.022027,0.00027044961,5360082,FALSE POSITIVE
140.93283125917515,1.0218761,0.0002704124,5360082,FALSE POSITIVE
140.95326572250633,1.0227226,0.00027053306,5360082,FALSE POSITIVE
140.97370028561272,1.0222082,0.00027057718,5360082,FALSE POSITIVE
140.99413464860118,1.0227567,0.0002705767,5360082,FALSE POSITIVE
141.0145691114667,1.0229259,0.00027042907,5360082,FALSE POSITIVE
141.0350035743395,1.0231603,0.00027044723,5360082,FALSE POSITIVE
141.05543803697947,1.0234174,0.00027062063,5360082,FALSE POSITIVE
141.07587249937933,1.0236084,0.00027061274,5360082,FALSE POSITIVE
141.09630696178647,1.024593,0.000270521,5360082,FALSE POSITIVE
141.11674142396078,1.024776,0.00027076772,5360082,FALSE POSITIVE
141.13717588589498,1.0257562,0.0002708076,5360082,FALSE POSITIVE
141.15761034783645,1.0256416,0.0002708027,5360082,FALSE POSITIVE
141.17804470977717,1.0262388,0.00027089482,5360082,FALSE POSITIVE
141.1984792714793,1.0272315,0.00027077814,5360082,FALSE POSITIVE
141.21891373295512,1.0273876,0.00027083867,5360082,FALSE POSITIVE
141.23934809443017,1.0273011,0.00027077168,5360082,FALSE POSITIVE
141.25978265566664,1.028081,0.00027079173,5360082,FALSE POSITIVE
141.2802171166768,1.0280507,0.00027097474,5360082,FALSE POSITIVE
141.3006514776862,1.0290807,0.0002711196,5360082,FALSE POSITIVE
141.32108593868907,1.0288686,0.00027115626,5360082,FALSE POSITIVE
141.34152049946715,1.0293546,0.00027125678,5360082,FALSE POSITIVE
141.36195496001164,1.0305043,0.0002713692,5360082,FALSE POSITIVE
141.38238932031527,1.0310417,0.00027132913,5360082,FALSE POSITIVE
141.40282378085976,1.0311674,0.00027129112,5360082,FALSE POSITIVE
141.42325834093936,1.0315185,0.00027135608,5360082,FALSE POSITIVE
141.4436928010109,1.0325706,0.0002712282,5360082,FALSE POSITIVE
141.46412716085615,1.0325288,0.0002715331,5360082,FALSE POSITIVE
141.4845617207029,1.0327628,0.0002714605,5360082,FALSE POSITIVE
141.5049961803088,1.0329525,0.00027162183,5360082,FALSE POSITIVE
141.52543053992122,1.0335239,0.0002717912,5360082,FALSE POSITIVE
141.54586499930156,1.0337677,0.00027171592,5360082,FALSE POSITIVE
141.5662994584418,1.0340288,0.00027183775,5360082,FALSE POSITIVE
141.58673401759006,1.034336,0.00027170518,5360082,FALSE POSITIVE
141.60716837650398,1.0350466,0.0002717258,5360082,FALSE POSITIVE
141.62760293541214,1.0354359,0.00027186098,5360082,FALSE POSITIVE
141.648037394094,1.0355978,0.00027188385,5360082,FALSE POSITIVE
141.66847175277508,1.0363318,0.00027194314,5360082,FALSE POSITIVE
141.68890621121682,1.0369779,0.00027205725,5360082,FALSE POSITIVE
141.70934076943377,1.0375983,0.0002720045,5360082,FALSE POSITIVE
141.7297751276492,1.0376493,0.0002719865,5360082,FALSE POSITIVE
141.75020958562527,1.0392172,0.0002721301,5360082,FALSE POSITIVE
141.77064414337656,1.0387254,0.00027205652,5360082,FALSE POSITIVE
141.79107850112632,1.0389092,0.00027225396,5360082,FALSE POSITIVE
141.81151295886957,1.0395187,0.000272123,5360082,FALSE POSITIVE
141.83194741638727,1.0404378,0.00027235283,5360082,FALSE POSITIVE
141.85238187367213,1.0405669,0.00027227384,5360082,FALSE POSITIVE
141.87281633094972,1.0412445,0.00027227888,5360082,FALSE POSITIVE
141.89325078800175,1.0418342,0.00027236278,5360082,FALSE POSITIVE
141.91368534482172,1.0421933,0.00027245944,5360082,FALSE POSITIVE
141.93411970163288,1.0427804,0.00027254212,5360082,FALSE POSITIVE
141.95455415821925,1.0432127,0.00027255595,5360082,FALSE POSITIVE
141.97498851480486,1.0437202,0.00027242172,5360082,FALSE POSITIVE
141.9954230711519,1.0442405,0.00027254305,5360082,FALSE POSITIVE
142.01585752750543,1.0441557,0.00027248866,5360082,FALSE POSITIVE
142.03629188339255,1.045199,0.00027257306,5360082,FALSE POSITIVE
142.05672633950599,1.0451082,0.00027268307,5360082,FALSE POSITIVE
142.07716089539463,1.0457675,0.00027271354,5360082,FALSE POSITIVE
142.09759535104968,1.0455698,0.0002726288,5360082,FALSE POSITIVE
142.11802970647113,1.0460973,0.00027270603,5360082,FALSE POSITIVE
142.13846426188684,1.0464859,0.0002726476,5360082,FALSE POSITIVE
142.15889871730906,1.0477657,0.00027279495,5360082,FALSE POSITIVE
142.17933307225758,1.047951,0.00027291256,5360082,FALSE POSITIVE
142.19976752721414,1.0473256,0.0002728511,5360082,FALSE POSITIVE
142.22020208217145,1.0478472,0.00027267865,5360082,FALSE POSITIVE
142.24063643689442,1.0487831,0.00027296477,5360082,FALSE POSITIVE
142.26107089137804,1.0482935,0.0002729536,5360082,FALSE POSITIVE
142.2815054458697,1.0489976,0.00027290365,5360082,FALSE POSITIVE
142.30193980011973,1.0488567,0.0002729247,5360082,FALSE POSITIVE
142.3223742543778,1.0491828,0.00027292653,5360082,FALSE POSITIVE
142.34280870840303,1.0494522,0.00027298604,5360082,FALSE POSITIVE
142.36324326218892,1.0498143,0.00027298307,5360082,FALSE POSITIVE
142.38367761598056,1.0496563,0.00027288703,5360082,FALSE POSITIVE
142.40411206954013,1.0501746,0.0002729724,5360082,FALSE POSITIVE
142.4245466230932,1.0510035,0.00027310173,5360082,FALSE POSITIVE
142.44498097641917,1.0510372,0.0002729731,5360082,FALSE POSITIVE
142.4654154295131,1.0518243,0.00027321186,5360082,FALSE POSITIVE
142.48584978260624,1.0518299,0.0002730963,5360082,FALSE POSITIVE
142.5062843354608,1.0525322,0.00027327775,5360082,FALSE POSITIVE
142.5267187883219,1.0524694,0.00027324792,5360082,FALSE POSITIVE
142.54715324094286,1.0525175,0.0002732911,5360082,FALSE POSITIVE
142.56758759333752,1.052223,0.00027330394,5360082,FALSE POSITIVE
142.5880221457337,1.0527661,0.0002732657,5360082,FALSE POSITIVE
142.6084565978963,1.0526721,0.0002733259,5360082,FALSE POSITIVE
142.62889095005085,1.0528909,0.00027322225,5360082,FALSE POSITIVE
142.64932550198137,1.0534693,0.0002734385,5360082,FALSE POSITIVE
142.66975995367102,1.0538276,0.00027341128,5360082,FALSE POSITIVE
142.69019430536719,1.0536252,0.00027335875,5360082,FALSE POSITIVE
142.71062875683128,1.0541157,0.0002734102,5360082,FALSE POSITIVE
142.73106330829614,1.0539362,0.00027341704,5360082,FALSE POSITIVE
142.75149765951937,1.0542766,0.00027349658,5360082,FALSE POSITIVE
142.7719321105178,1.0541236,0.00027344207,5360082,FALSE POSITIVE
142.79236666150973,1.0546205,0.0002734266,5360082,FALSE POSITIVE
142.81280101227458,1.0546521,0.00027347682,5360082,FALSE POSITIVE
142.83323546304018,1.0546328,0.00027353148,5360082,FALSE POSITIVE
142.85366991334013,1.0544887,0.00027352778,5360082,FALSE POSITIVE
142.8741044638664,1.0554142,0.00027362624,5360082,FALSE POSITIVE
142.89453881416557,1.0546336,0.00027345278,5360082,FALSE POSITIVE
142.91497326423269,1.0541736,0.00027352024,5360082,FALSE POSITIVE
142.93540781406045,1.0550042,0.0002735637,5360082,FALSE POSITIVE
142.95584216389398,1.0547264,0.00027357036,5360082,FALSE POSITIVE
142.97627661349543,1.0548005,0.0002736039,5360082,FALSE POSITIVE
142.99671096308884,1.0554315,0.00027360293,5360082,FALSE POSITIVE
143.01714551245823,1.0556945,0.00027365095,5360082,FALSE POSITIVE
143.03757996159402,1.0553517,0.00027360517,5360082,FALSE POSITIVE
143.05801441072254,1.055373,0.00027369455,5360082,FALSE POSITIVE
143.0784488596255,1.055012,0.00027367086,5360082,FALSE POSITIVE
143.09888330852846,1.0555117,0.00027371725,5360082,FALSE POSITIVE
143.1193177571913,1.0554018,0.00027372557,5360082,FALSE POSITIVE
143.1397522056286,1.0547736,0.00027358325,5360082,FALSE POSITIVE
143.16018665405863,1.0552056,0.00027365942,5360082,FALSE POSITIVE
143.1806211022631,1.0556092,0.00027378596,5360082,FALSE POSITIVE
143.2010554504668,1.0548791,0.0002735994,5360082,FALSE POSITIVE
143.22148989843845,1.0547048,0.00027362377,5360082,FALSE POSITIVE
143.24192444617074,1.0548786,0.00027359457,5360082,FALSE POSITIVE
143.26235889390955,1.055551,0.0002736403,5360082,FALSE POSITIVE
143.28279334140825,1.0573983,0.00027385488,5360082,FALSE POSITIVE
143.3032277886814,1.0568737,0.00027376818,5360082,FALSE POSITIVE
143.32366223595454,1.0578508,0.00027379338,5360082,FALSE POSITIVE
143.36453103002714,1.0552654,0.00027363581,5360082,FALSE POSITIVE
143.38496557683538,1.0545481,0.00027349094,5360082,FALSE POSITIVE
143.40540002340276,1.054833,0.00027363532,5360082,FALSE POSITIVE
143.42583436997666,1.0541055,0.00027353715,5360082,FALSE POSITIVE
143.44626891631924,1.0535711,0.0002735323,5360082,FALSE POSITIVE
143.46670336266106,1.0533681,0.00027346198,5360082,FALSE POSITIVE
143.48713770876202,1.0529492,0.00027344673,5360082,FALSE POSITIVE
143.50757215463818,1.0527852,0.00027337903,5360082,FALSE POSITIVE
143.52800670050783,1.0525512,0.0002734688,5360082,FALSE POSITIVE
143.54844114615116,1.0524002,0.0002733389,5360082,FALSE POSITIVE
143.5688754915609,1.0519933,0.00027335648,5360082,FALSE POSITIVE
143.58931003697217,1.0525721,0.000273383,5360082,FALSE POSITIVE
143.60974448214256,1.0524383,0.00027353986,5360082,FALSE POSITIVE
143.63017882731947,1.0509405,0.00027329064,5360082,FALSE POSITIVE
143.6506132722643,1.0501099,0.000273207,5360082,FALSE POSITIVE
143.6710478169698,1.051271,0.00027329483,5360082,FALSE POSITIVE
143.69148216168105,1.0506889,0.00027327094,5360082,FALSE POSITIVE
143.71191660616023,1.0497417,0.00027321978,5360082,FALSE POSITIVE
143.7323510503993,1.04871,0.0002731045,5360082,FALSE POSITIVE
143.75278549464565,1.0479879,0.00027311558,5360082,FALSE POSITIVE
143.77321993865917,1.0472418,0.0002730116,5360082,FALSE POSITIVE
143.7936543826654,1.0462396,0.00027296925,5360082,FALSE POSITIVE
143.8140888264461,1.0451791,0.0002727937,5360082,FALSE POSITIVE
143.83452326999395,1.0450168,0.00027284212,5360082,FALSE POSITIVE
143.85495771353453,1.044654,0.00027274946,5360082,FALSE POSITIVE
143.8753920568488,1.0441478,0.00027275895,5360082,FALSE POSITIVE
143.89582659993175,1.0428272,0.00027249212,5360082,FALSE POSITIVE
143.91626104300667,1.0425007,0.00027248447,5360082,FALSE POSITIVE
143.93669538585527,1.0420107,0.00027259177,5360082,FALSE POSITIVE
143.9571299287054,1.0410242,0.00027242588,5360082,FALSE POSITIVE
143.97756437108183,1.0403991,0.00027230833,5360082,FALSE POSITIVE
143.9979987136976,1.0396047,0.00027221523,5360082,FALSE POSITIVE
144.01843315584847,1.0388465,0.00027217774,5360082,FALSE POSITIVE
144.03886769799283,1.0375253,0.00027199517,5360082,FALSE POSITIVE
144.0593021401437,1.0371921,0.00027207853,5360082,FALSE POSITIVE
144.07973648206098,1.0362012,0.00027193292,5360082,FALSE POSITIVE
144.10017102373968,1.034934,0.00027187789,5360082,FALSE POSITIVE
144.12060546519206,1.0345933,0.00027182826,5360082,FALSE POSITIVE
144.14103980664368,1.0336362,0.0002717747,5360082,FALSE POSITIVE
144.16147424785595,1.0321627,0.00027152261,5360082,FALSE POSITIVE
144.18190878907626,1.0313362,0.00027153932,5360082,FALSE POSITIVE
144.20234313006222,1.0306789,0.0002714116,5360082,FALSE POSITIVE
144.22277757080883,1.0292783,0.00027133076,5360082,FALSE POSITIVE
144.24321211156348,1.0282294,0.00027131132,5360082,FALSE POSITIVE
144.26364645208378,1.0265138,0.00027110215,5360082,FALSE POSITIVE
144.28408089236473,1.0241317,0.00027103996,5360082,FALSE POSITIVE
144.30451533265295,1.0218048,0.0002707797,5360082,FALSE POSITIVE
144.32494977270835,1.0175346,0.0002704398,5360082,FALSE POSITIVE
144.34538421275647,1.0136336,0.0002699953,5360082,FALSE POSITIVE
144.36581865257904,1.0106902,0.00026988433,5360082,FALSE POSITIVE
144.386252992168,1.0068378,0.00026928337,5360082,FALSE POSITIVE
144.40668753175123,1.0040864,0.000269167,5360082,FALSE POSITIVE
144.4271219708753,1.0027072,0.0002689737,5360082,FALSE POSITIVE
144.44755631023145,1.0032929,0.00026918447,5360082,FALSE POSITIVE
144.467990849349,1.0043274,0.0002693222,5360082,FALSE POSITIVE
144.48842528824025,1.0037137,0.00026926986,5360082,FALSE POSITIVE
144.5088596268979,1.0026729,0.00026900397,5360082,FALSE POSITIVE
144.52929406554904,1.0000964,0.0002687455,5360082,FALSE POSITIVE
144.54972860397538,0.99808407,0.0002684289,5360082,FALSE POSITIVE
144.57016304216813,0.99563146,0.00026822992,5360082,FALSE POSITIVE
144.59059738036012,0.9917411,0.00026794794,5360082,FALSE POSITIVE
144.61103191831353,0.9891157,0.0002677025,5360082,FALSE POSITIVE
144.63146635627345,0.9860162,0.0002673747,5360082,FALSE POSITIVE
144.6519006939925,0.9841351,0.00026734982,5360082,FALSE POSITIVE
144.67233513148676,0.98429084,0.0002674978,5360082,FALSE POSITIVE
144.69276966898178,0.98340726,0.0002674011,5360082,FALSE POSITIVE
144.71320400623517,0.98329806,0.00026737983,5360082,FALSE POSITIVE
144.73363844326377,0.98242694,0.0002671364,5360082,FALSE POSITIVE
144.75407298029313,0.98217577,0.00026729848,5360082,FALSE POSITIVE
144.77450731708086,0.98473144,0.0002674608,5360082,FALSE POSITIVE
144.79494175387663,0.9885553,0.0002675401,5360082,FALSE POSITIVE
144.81537619020673,0.992668,0.00026799366,5360082,FALSE POSITIVE
144.83581072676316,0.9949235,0.0002682413,5360082,FALSE POSITIVE
144.85624506285967,0.9943216,0.0002682474,5360082,FALSE POSITIVE
144.87667949895695,0.9938905,0.00026820015,5360082,FALSE POSITIVE
144.89711393481412,0.99183226,0.00026805938,5360082,FALSE POSITIVE
144.91754837067856,0.9905221,0.0002678632,5360082,FALSE POSITIVE
144.93798280631017,0.98902756,0.00026759575,5360082,FALSE POSITIVE
144.95841724170168,0.9879529,0.0002675275,5360082,FALSE POSITIVE
144.9788517768684,0.9872453,0.00026739476,5360082,FALSE POSITIVE
144.9992861120336,0.9860342,0.0002673325,5360082,FALSE POSITIVE
145.01972054719226,0.9851439,0.000267348,5360082,FALSE POSITIVE
145.04015498189256,0.9837353,0.00026697366,5360082,FALSE POSITIVE
145.06058941659285,0.9829139,0.00026709522,5360082,FALSE POSITIVE
145.08102385128586,0.9817185,0.00026681216,5360082,FALSE POSITIVE
145.1014582855205,0.9810514,0.00026677738,5360082,FALSE POSITIVE
145.12189281998872,0.97958815,0.00026673806,5360082,FALSE POSITIVE
145.14232715398248,0.9784328,0.0002668773,5360082,FALSE POSITIVE
145.16276158798428,0.97670984,0.00026662176,5360082,FALSE POSITIVE
145.18319592175249,0.97573084,0.00026657354,5360082,FALSE POSITIVE
145.2036304552821,0.9738822,0.00026633614,5360082,FALSE POSITIVE
145.22406488881825,0.9733537,0.00026614947,5360082,FALSE POSITIVE
145.2444992221208,0.9724428,0.00026605278,5360082,FALSE POSITIVE
145.2649337554176,0.9707606,0.00026591116,5360082,FALSE POSITIVE
145.28536818848806,0.9700594,0.00026573375,5360082,FALSE POSITIVE
145.3058026213257,0.9686311,0.00026574926,5360082,FALSE POSITIVE
145.32623695392977,0.9679428,0.00026573314,5360082,FALSE POSITIVE
145.34667148652807,0.9666382,0.00026572245,5360082,FALSE POSITIVE
145.36710591913288,0.9648974,0.0002653937,5360082,FALSE POSITIVE
145.387540251264,0.96387917,0.00026536695,5360082,FALSE POSITIVE
145.40797478340392,0.96258736,0.0002653554,5360082,FALSE POSITIVE
145.42840921531024,0.9616481,0.00026529873,5360082,FALSE POSITIVE
145.4488435472158,0.9636291,0.00026567918,5360082,FALSE POSITIVE
145.46927797888202,0.96140677,0.00026506695,5360082,FALSE POSITIVE
145.48971251032344,0.9598078,0.00026524323,5360082,FALSE POSITIVE
145.51014684175607,0.9578759,0.00026480082,5360082,FALSE POSITIVE
145.5305812729639,0.95733255,0.00026474104,5360082,FALSE POSITIVE
145.5510157039389,0.9557747,0.0002643262,5360082,FALSE POSITIVE
145.5714502349074,0.9547771,0.00026426927,5360082,FALSE POSITIVE
145.5918845656488,0.9535405,0.00026423676,5360082,FALSE POSITIVE
145.61231899615814,0.9527538,0.0002643467,5360082,FALSE POSITIVE
145.63275352666096,0.95146525,0.0002640245,5360082,FALSE POSITIVE
145.6531878569367,0.9516579,0.00026413432,5360082,FALSE POSITIVE
145.6736222869804,0.9505411,0.00026404238,5360082,FALSE POSITIVE
145.6940566170233,0.94893,0.00026387585,5360082,FALSE POSITIVE
145.71449114682764,0.9483511,0.0002640148,5360082,FALSE POSITIVE
145.73492557640566,0.9470798,0.0002638328,5360082,FALSE POSITIVE
145.7553600059764,0.94632304,0.00026384162,5360082,FALSE POSITIVE
145.7757944353216,0.9450954,0.00026373545,5360082,FALSE POSITIVE
145.79622886443394,0.9437748,0.00026363763,5360082,FALSE POSITIVE
145.8166632935463,0.94387126,0.00026371222,5360082,FALSE POSITIVE
145.8370976224178,0.9426245,0.00026345302,5360082,FALSE POSITIVE
145.85753215129807,0.9411192,0.0002632842,5360082,FALSE POSITIVE
145.87796657970466,0.93996066,0.0002633756,5360082,FALSE POSITIVE
145.89840090811776,0.94006264,0.00026330893,5360082,FALSE POSITIVE
145.9188354365324,0.93860537,0.00026329843,5360082,FALSE POSITIVE
145.9392698644806,0.93730474,0.00026288372,5360082,FALSE POSITIVE
145.95970419242076,0.93727136,0.00026302112,5360082,FALSE POSITIVE
145.98013862036896,0.9357053,0.00026291795,5360082,FALSE POSITIVE
146.00057314807782,0.93498313,0.00026294996,5360082,FALSE POSITIVE
146.02100757556036,0.93347406,0.00026262592,5360082,FALSE POSITIVE
146.0414419028093,0.93272954,0.0002627761,5360082,FALSE POSITIVE
146.06187643005978,0.93215317,0.00026266766,5360082,FALSE POSITIVE
146.0823108570694,0.9316458,0.00026254248,5360082,FALSE POSITIVE
146.10274518385268,0.9305129,0.0002624997,5360082,FALSE POSITIVE
146.12317961063673,0.9295171,0.0002624251,5360082,FALSE POSITIVE
146.14361413718143,0.9289289,0.00026228942,5360082,FALSE POSITIVE
146.16404846349906,0.9278655,0.0002623064,5360082,FALSE POSITIVE
146.18448288981745,0.9268546,0.00026225453,5360082,FALSE POSITIVE
146.20491731589573,0.92629564,0.00026220045,5360082,FALSE POSITIVE
146.22535174198129,0.9258692,0.00026200313,5360082,FALSE POSITIVE
146.24578616760118,0.9248662,0.00026200077,5360082,FALSE POSITIVE
146.2662205932138,0.92476314,0.00026207726,5360082,FALSE POSITIVE
146.2866550188337,0.9238543,0.00026179035,5360082,FALSE POSITIVE
146.30708944398793,0.9231705,0.00026194236,5360082,FALSE POSITIVE
146.34795819428837,0.9219218,0.00026196183,5360082,FALSE POSITIVE
146.36839271897043,0.921427,0.00026175677,5360082,FALSE POSITIVE
146.388827143659,0.9209995,0.00026164667,5360082,FALSE POSITIVE
146.4092614683468,0.9199719,0.0002615169,5360082,FALSE POSITIVE
146.4296959925705,0.91940445,0.0002614289,5360082,FALSE POSITIVE
146.45013041678612,0.9193252,0.00026144055,5360082,FALSE POSITIVE
146.47056474077544,0.9186807,0.00026133115,5360082,FALSE POSITIVE
146.490999264759,0.91808635,0.00026125487,5360082,FALSE POSITIVE
146.51143368851626,0.91735643,0.00026123138,5360082,FALSE POSITIVE
146.53186811204068,0.9169307,0.0002612314,5360082,FALSE POSITIVE
146.55230243556434,0.91662925,0.00026119672,5360082,FALSE POSITIVE
146.57273695884942,0.9160002,0.00026116188,5360082,FALSE POSITIVE
146.59317138190818,0.9161818,0.0002611191,5360082,FALSE POSITIVE
146.61360580495966,0.9152714,0.0002610289,5360082,FALSE POSITIVE
146.634040127552,0.9155511,0.00026096145,5360082,FALSE POSITIVE
146.6544746503787,0.9153476,0.00026098546,5360082,FALSE POSITIVE
146.67490907273896,0.9146878,0.00026099008,5360082,FALSE POSITIVE
146.6953433950912,0.91432095,0.0002609483,5360082,FALSE POSITIVE
146.71577791721938,0.9146974,0.00026089532,5360082,FALSE POSITIVE
146.73621233933954,0.9135809,0.000260867,5360082,FALSE POSITIVE
146.75664676100132,0.91341364,0.000260798,5360082,FALSE POSITIVE
146.77708108266233,0.91364115,0.00026090283,5360082,FALSE POSITIVE
146.79751560432487,0.91344756,0.00026077393,5360082,FALSE POSITIVE
146.81795002574654,0.91323334,0.00026089503,5360082,FALSE POSITIVE
146.8383843469419,0.91258574,0.00026080958,5360082,FALSE POSITIVE
146.85881876790518,0.9126508,0.00026081075,5360082,FALSE POSITIVE
146.87925328886195,0.912701,0.0002607177,5360082,FALSE POSITIVE
146.89968760959164,0.9130098,0.00026074456,5360082,FALSE POSITIVE
146.92012203008926,0.91233695,0.00026058085,5360082,FALSE POSITIVE
146.94055655058037,0.91226274,0.00026073764,5360082,FALSE POSITIVE
146.9609908708444,0.91289854,0.00026072632,5360082,FALSE POSITIVE
146.98142529087636,0.914107,0.00026081435,5360082,FALSE POSITIVE
147.0018597106682,0.91322535,0.00026080626,5360082,FALSE POSITIVE
147.02229413046734,0.9132559,0.0002608332,5360082,FALSE POSITIVE
147.04272855026647,0.9124886,0.00026067797,5360082,FALSE POSITIVE
147.06316296959267,0.9132098,0.00026068432,5360082,FALSE POSITIVE
147.0835974889269,0.91424954,0.00026094244,5360082,FALSE POSITIVE
147.10403180802678,0.9130974,0.00026069395,5360082,FALSE POSITIVE
147.12446622712014,0.91321594,0.00026074194,5360082,FALSE POSITIVE
147.14490054575435,0.9134768,0.00026086456,5360082,FALSE POSITIVE
147.1653350643901,0.9134185,0.00026075615,5360082,FALSE POSITIVE
147.1857694830178,0.91339976,0.0002607764,5360082,FALSE POSITIVE
147.20620380141918,0.91383207,0.00026084,5360082,FALSE POSITIVE
147.22663831958926,0.9135725,0.00026074302,5360082,FALSE POSITIVE
147.24707273751847,0.9138106,0.00026088418,5360082,FALSE POSITIVE
147.26750715545495,0.9141327,0.00026075542,5360082,FALSE POSITIVE
147.287941472925,0.9146393,0.00026085007,5360082,FALSE POSITIVE
147.30837599062215,0.9147767,0.0002608735,5360082,FALSE POSITIVE
147.32881040786015,0.91425675,0.00026085638,5360082,FALSE POSITIVE
147.34924472509738,0.91429347,0.00026072215,5360082,FALSE POSITIVE
147.36967914209526,0.91447574,0.00026068577,5360082,FALSE POSITIVE
147.3901136591012,0.91430616,0.00026060248,5360082,FALSE POSITIVE
147.41054797587276,0.9143301,0.00026076636,5360082,FALSE POSITIVE
147.43098239240499,0.9145665,0.0002606469,5360082,FALSE POSITIVE
147.45141690871242,0.91499704,0.00026060126,5360082,FALSE POSITIVE
147.47185122501833,0.91461563,0.00026063086,5360082,FALSE POSITIVE
147.4922856410849,0.91499627,0.0002608364,5360082,FALSE POSITIVE
147.5127200569259,0.9153588,0.00026072236,5360082,FALSE POSITIVE
147.53315457276767,0.91577643,0.000260959,5360082,FALSE POSITIVE
147.5535888883678,0.9158353,0.0002609312,5360082,FALSE POSITIVE
147.57402330374316,0.916368,0.00026102256,5360082,FALSE POSITIVE
147.59445781911927,0.9166762,0.00026098714,5360082,FALSE POSITIVE
147.61489213402092,0.916924,0.00026117027,5360082,FALSE POSITIVE
147.6353265489306,0.9172268,0.0002610553,5360082,FALSE POSITIVE
147.65576086383953,0.91725683,0.00026108074,5360082,FALSE POSITIVE
147.67619537850987,0.9171764,0.0002611515,5360082,FALSE POSITIVE
147.6966297929539,0.91814756,0.0002613128,5360082,FALSE POSITIVE
147.71706410716433,0.9188065,0.0002613814,5360082,FALSE POSITIVE
147.737498621369,0.91926813,0.00026144084,5360082,FALSE POSITIVE
147.75793303534738,0.92007357,0.00026146616,5360082,FALSE POSITIVE
147.7783674490929,0.9203299,0.00026151567,5360082,FALSE POSITIVE
147.79880176260485,0.9203916,0.0002614573,5360082,FALSE POSITIVE
147.81923627611104,0.9205472,0.00026143968,5360082,FALSE POSITIVE
147.8396706893909,0.9215376,0.0002615854,5360082,FALSE POSITIVE
147.86010500266275,0.9216926,0.00026157472,5360082,FALSE POSITIVE
147.8805394157098,0.9223117,0.00026156005,5360082,FALSE POSITIVE
147.9214082410981,0.92380923,0.0002617798,5360082,FALSE POSITIVE
147.9418426536795,0.9238179,0.00026179283,5360082,FALSE POSITIVE
147.9622771660288,0.9247372,0.00026180092,5360082,FALSE POSITIVE
147.98271147813648,0.92583287,0.00026182926,5360082,FALSE POSITIVE
148.00314589001937,0.92631555,0.0002618882,5360082,FALSE POSITIVE
148.02358030190226,0.92724097,0.00026209772,5360082,FALSE POSITIVE
148.0440148135458,0.9275711,0.00026231157,5360082,FALSE POSITIVE
148.0644491251951,0.9291178,0.0002625836,5360082,FALSE POSITIVE
148.0848835363795,0.9285132,0.00026256518,5360082,FALSE POSITIVE
148.10531804755738,0.92861813,0.00026240683,5360082,FALSE POSITIVE
148.125752358741,0.9302816,0.00026260896,5360082,FALSE POSITIVE
148.14618676945975,0.9305968,0.00026265116,5360082,FALSE POSITIVE
148.1666211801712,0.93196267,0.00026285264,5360082,FALSE POSITIVE
148.1870555906571,0.93222755,0.00026280226,5360082,FALSE POSITIVE
148.20749000114301,0.93349975,0.0002629531,5360082,FALSE POSITIVE
148.2279244113888,0.9339952,0.0002629897,5360082,FALSE POSITIVE
148.24835892140982,0.93488437,0.00026312866,5360082,FALSE POSITIVE
148.26879323119647,0.9358666,0.00026321222,5360082,FALSE POSITIVE
148.2892276409766,0.9368994,0.0002632725,5360082,FALSE POSITIVE
148.3096620505312,0.93744224,0.00026328728,5360082,FALSE POSITIVE
148.33009645985294,0.9384274,0.00026329784,5360082,FALSE POSITIVE
148.35053086893458,0.9390793,0.00026343038,5360082,FALSE POSITIVE
148.3709652780235,0.94005936,0.00026354502,5360082,FALSE POSITIVE
148.39139958687883,0.94097126,0.00026363364,5360082,FALSE POSITIVE
148.4118340957284,0.9417789,0.0002636899,5360082,FALSE POSITIVE
148.43226850411884,0.9424109,0.0002636199,5360082,FALSE POSITIVE
148.45270291250927,0.94351083,0.00026381895,5360082,FALSE POSITIVE
148.4731373206596,0.9447401,0.00026381837,5360082,FALSE POSITIVE
148.4935717288172,0.94637585,0.00026408947,5360082,FALSE POSITIVE
148.51400613674195,0.9461392,0.00026403478,5360082,FALSE POSITIVE
148.53444044443313,0.9469667,0.00026411816,5360082,FALSE POSITIVE
148.55487495188572,0.94866335,0.00026421068,5360082,FALSE POSITIVE
148.57530935934483,0.94945955,0.0002643693,5360082,FALSE POSITIVE
148.59574366656307,0.9497745,0.0002642254,5360082,FALSE POSITIVE
148.61617817355727,0.9509289,0.00026438572,5360082,FALSE POSITIVE
148.63661258055072,0.9518399,0.00026445225,5360082,FALSE POSITIVE
148.65704688707774,0.95296067,0.00026464747,5360082,FALSE POSITIVE
148.67748129383108,0.9539213,0.00026452055,5360082,FALSE POSITIVE
148.6979158001268,0.95557714,0.0002647204,5360082,FALSE POSITIVE
148.7183501064137,0.958066,0.00026498604,5360082,FALSE POSITIVE
148.73878451247583,0.96117455,0.00026509343,5360082,FALSE POSITIVE
148.75921901830588,0.9604295,0.00026513106,5360082,FALSE POSITIVE
148.77965342389507,0.96109027,0.00026529474,5360082,FALSE POSITIVE
148.80008772949077,0.9603979,0.00026515336,5360082,FALSE POSITIVE
148.8205221348544,0.9609466,0.0002652381,5360082,FALSE POSITIVE
148.84095664021152,0.962036,0.00026538537,5360082,FALSE POSITIVE
148.86139094510872,0.9622252,0.00026531323,5360082,FALSE POSITIVE
148.8818253500067,0.9633647,0.00026549306,5360082,FALSE POSITIVE
148.90225985466532,0.96386504,0.00026541261,5360082,FALSE POSITIVE
148.9226941593297,0.96537733,0.00026560482,5360082,FALSE POSITIVE
148.94312856352917,0.96544284,0.00026561113,5360082,FALSE POSITIVE
148.96356296772137,0.966708,0.00026566559,5360082,FALSE POSITIVE
148.98399737192085,0.96748334,0.00026580898,5360082,FALSE POSITIVE
149.00443177565467,0.9678393,0.00026579385,5360082,FALSE POSITIVE
149.02486617938848,0.96924704,0.0002657454,5360082,FALSE POSITIVE
149.04530048288143,0.96988887,0.00026606224,5360082,FALSE POSITIVE
149.06573498638318,0.97039247,0.0002660649,5360082,FALSE POSITIVE
149.08616938941122,0.9712462,0.00026605016,5360082,FALSE POSITIVE
149.1066036924458,0.97250223,0.0002662101,5360082,FALSE POSITIVE
149.12703819548187,0.9731527,0.00026626515,5360082,FALSE POSITIVE
149.14747259805154,0.97429216,0.00026639944,5360082,FALSE POSITIVE
149.16790690061316,0.97514606,0.00026648445,5360082,FALSE POSITIVE
149.18834130295,0.97603303,0.00026654842,5360082,FALSE POSITIVE
149.20877580504748,0.9765541,0.00026667284,5360082,FALSE POSITIVE
149.22921020715148,0.97733,0.00026667689,5360082,FALSE POSITIVE
149.2496445090219,0.9783929,0.00026685058,5360082,FALSE POSITIVE
149.270079010661,0.9791781,0.00026679816,5360082,FALSE POSITIVE
149.29051341205923,0.9815195,0.0002673294,5360082,FALSE POSITIVE
149.33138211463665,0.98142767,0.00026704516,5360082,FALSE POSITIVE
149.35181661557,0.9819335,0.00026702456,5360082,FALSE POSITIVE
149.37225091650907,0.98293084,0.00026717415,5360082,FALSE POSITIVE
149.3926853172161,0.9838597,0.00026721484,5360082,FALSE POSITIVE
149.41311981768376,0.9851006,0.0002673822,5360082,FALSE POSITIVE
149.43355411792436,0.98582643,0.00026716632,5360082,FALSE POSITIVE
149.45398851816572,0.9862987,0.0002673746,5360082,FALSE POSITIVE
149.47442291816697,0.98739696,0.00026750797,5360082,FALSE POSITIVE
149.49485731794266,0.98797685,0.00026767742,5360082,FALSE POSITIVE
149.51529171748552,0.98876303,0.00026754083,5360082,FALSE POSITIVE
149.5357261170211,0.9888225,0.0002675978,5360082,FALSE POSITIVE
149.5561606163319,0.98960024,0.00026759386,5360082,FALSE POSITIVE
149.57659491540107,0.99033356,0.00026770183,5360082,FALSE POSITIVE
149.59702931424545,0.990915,0.0002676024,5360082,FALSE POSITIVE
149.61746361308906,0.9920068,0.00026791295,5360082,FALSE POSITIVE
149.63789811170136,0.99255097,0.0002679091,5360082,FALSE POSITIVE
149.65833251030563,0.9931656,0.00026800635,5360082,FALSE POSITIVE
149.67876680845075,0.9934409,0.0002680266,5360082,FALSE POSITIVE
149.69920120659663,0.9936985,0.00026800527,5360082,FALSE POSITIVE
149.71963570450316,0.99465775,0.00026814328,5360082,FALSE POSITIVE
149.74007010218338,0.9959827,0.00026808653,5360082,FALSE POSITIVE
149.76050439986284,0.9964943,0.00026834637,5360082,FALSE POSITIVE
149.7809388973037,0.9974195,0.0002683071,5360082,FALSE POSITIVE
149.80137329451827,0.9982179,0.00026846307,5360082,FALSE POSITIVE
149.82180759149924,0.998649,0.00026847416,5360082,FALSE POSITIVE
149.8422419884737,0.99852234,0.0002684357,5360082,FALSE POSITIVE
149.86267648522335,0.9990818,0.00026848048,5360082,FALSE POSITIVE
149.8831108817394,0.99898213,0.00026852792,5360082,FALSE POSITIVE
149.90354517824744,0.99959093,0.00026847527,5360082,FALSE POSITIVE
149.9239796742986,1.0007017,0.00026873732,5360082,FALSE POSITIVE
149.94441407034174,1.0007697,0.00026863223,5360082,FALSE POSITIVE
149.9648484661593,1.0001287,0.00026863953,5360082,FALSE POSITIVE
149.98528276197612,0.9999639,0.00026859742,5360082,FALSE POSITIVE
150.00571725756163,0.9994697,0.00026847614,5360082,FALSE POSITIVE
150.02615165290626,0.999162,0.00026851313,5360082,FALSE POSITIVE
150.04658594802459,1.0004855,0.00026852812,5360082,FALSE POSITIVE
150.06702044290432,1.0007005,0.0002687289,5360082,FALSE POSITIVE
150.08745483779057,1.0009235,0.0002687443,5360082,FALSE POSITIVE
150.10788913244323,1.0016049,0.00026864535,5360082,FALSE POSITIVE
150.12832352709665,1.0022739,0.0002687178,5360082,FALSE POSITIVE
150.1487580212779,1.0024399,0.00026885277,5360082,FALSE POSITIVE
150.1691923154649,1.0028815,0.00026880763,5360082,FALSE POSITIVE
150.18962670941983,1.0031449,0.00026880586,5360082,FALSE POSITIVE
150.2100612031354,1.003357,0.00026883648,5360082,FALSE POSITIVE
150.23049549685675,1.0036037,0.00026894742,5360082,FALSE POSITIVE
150.25092989034601,1.0041451,0.00026890787,5360082,FALSE POSITIVE
150.27136428359518,1.0046368,0.00026892993,5360082,FALSE POSITIVE
150.29179877661954,1.0052856,0.00026896351,5360082,FALSE POSITIVE
150.3122330696424,1.005326,0.00026898013,5360082,FALSE POSITIVE
150.3326674624259,1.0055734,0.00026899268,5360082,FALSE POSITIVE
150.35310175498307,1.0052718,0.0002690152,5360082,FALSE POSITIVE
150.37353624730895,1.0064775,0.00026913363,5360082,FALSE POSITIVE
150.3939706396268,1.0056313,0.00026902402,5360082,FALSE POSITIVE
150.4144049317183,1.0062653,0.0002690767,5360082,FALSE POSITIVE
150.43483942357852,1.0064211,0.00026907824,5360082,FALSE POSITIVE
150.45527381519787,1.0065429,0.00026911407,5360082,FALSE POSITIVE
150.4757082068245,1.0083357,0.00026927138,5360082,FALSE POSITIVE
150.49614249821752,1.0078851,0.00026920752,5360082,FALSE POSITIVE
150.51657698937197,1.0096871,0.00026943488,5360082,FALSE POSITIVE
150.5370113803001,1.0102663,0.00026947647,5360082,FALSE POSITIVE
150.55744567122747,1.0101801,0.00026939227,5360082,FALSE POSITIVE
150.57788016191626,1.0103041,0.00026953223,5360082,FALSE POSITIVE
150.59831455237872,1.0103462,0.0002694573,5360082,FALSE POSITIVE
150.6187488426076,1.010133,0.00026949644,5360082,FALSE POSITIVE
150.63918323282996,1.0104498,0.00026948063,5360082,FALSE POSITIVE
150.65961772282753,1.0110074,0.00026951605,5360082,FALSE POSITIVE
150.68005201259075,1.0106608,0.00026945525,5360082,FALSE POSITIVE
150.70048640211462,1.011737,0.00026955619,5360082,FALSE POSITIVE
150.72092089164653,1.0111755,0.00026954417,5360082,FALSE POSITIVE
150.74135528094484,1.0118808,0.0002695948,5360082,FALSE POSITIVE
150.7617895700023,1.0117183,0.00026941032,5360082,FALSE POSITIVE
150.78222395883495,1.0117328,0.0002696254,5360082,FALSE POSITIVE
150.80265844766836,1.0118492,0.00026964728,5360082,FALSE POSITIVE
150.82309273626015,1.0114692,0.00026961713,5360082,FALSE POSITIVE
150.84352712462714,1.0134777,0.00026966358,5360082,FALSE POSITIVE
150.86396161276207,1.0181147,0.00027018407,5360082,FALSE POSITIVE
150.8843959008882,1.0198749,0.00027031545,5360082,FALSE POSITIVE
150.9048302885567,1.0180018,0.00027011937,5360082,FALSE POSITIVE
150.92526467645803,1.0167896,0.00027002307,5360082,FALSE POSITIVE
150.94569906388642,1.015614,0.00026991387,5360082,FALSE POSITIVE
150.96613345108926,1.0148364,0.00026986244,5360082,FALSE POSITIVE
150.9865678382921,1.0145417,0.00026986378,5360082,FALSE POSITIVE
151.00700212526135,1.0140749,0.00026967793,5360082,FALSE POSITIVE
151.02743661222485,1.0137292,0.00026982633,5360082,FALSE POSITIVE
151.0478709987292,1.01339,0.00026964408,5360082,FALSE POSITIVE
151.0683052852255,1.0128698,0.0002694416,5360082,FALSE POSITIVE
151.08873977149779,1.013148,0.00026965028,5360082,FALSE POSITIVE
151.10917415753647,1.012573,0.0002696199,5360082,FALSE POSITIVE
151.12960844356712,1.0121524,0.00026956934,5360082,FALSE POSITIVE
151.15004282914015,1.0125018,0.00026958744,5360082,FALSE POSITIVE
151.17047731471393,1.011791,0.00026949772,5360082,FALSE POSITIVE
151.1909116000461,1.0123929,0.0002695675,5360082,FALSE POSITIVE
151.2113459853863,1.0125759,0.00026965214,5360082,FALSE POSITIVE
151.2317804704944,1.0125893,0.0002696965,5360082,FALSE POSITIVE
151.25221485512884,1.0120335,0.0002695831,5360082,FALSE POSITIVE
151.2726491400026,1.0115771,0.000269541,5360082,FALSE POSITIVE
151.2930835244115,1.0110835,0.0002695368,5360082,FALSE POSITIVE
151.31351800881384,1.0111078,0.00026946142,5360082,FALSE POSITIVE
151.33395229298912,1.0104586,0.00026949387,5360082,FALSE POSITIVE
151.35438667693234,1.0106938,0.0002694135,5360082,FALSE POSITIVE
151.3748211606362,1.0109353,0.00026955182,5360082,FALSE POSITIVE
151.39525544434582,1.0108111,0.00026936774,5360082,FALSE POSITIVE
151.41568982759054,1.0103326,0.00026941972,5360082,FALSE POSITIVE
151.43612421082798,1.0104284,0.00026928887,5360082,FALSE POSITIVE
151.4565585940727,1.0104449,0.00026943986,5360082,FALSE POSITIVE
151.47699297685176,1.010408,0.000269296,5360082,FALSE POSITIVE
151.49742735962354,1.0103599,0.00026949323,5360082,FALSE POSITIVE
151.51786174216977,1.009924,0.0002693124,5360082,FALSE POSITIVE
151.53829612448317,1.0092369,0.00026926244,5360082,FALSE POSITIVE
151.5587305067893,1.0100496,0.00026915252,5360082,FALSE POSITIVE
151.57916488863702,1.0099357,0.00026944705,5360082,FALSE POSITIVE
151.59959937048552,1.0096732,0.00026935182,5360082,FALSE POSITIVE
151.6200336520924,1.0095435,0.00026944102,5360082,FALSE POSITIVE
151.6404680337073,1.0098844,0.000269388,5360082,FALSE POSITIVE
151.66090241485654,,,5360082,FALSE POSITIVE
151.6813367959985,1.0101571,0.00026949335,5360082,FALSE POSITIVE
151.70177117691492,1.009948,0.00026945552,5360082,FALSE POSITIVE
151.7222055575985,1.0101701,0.0002694763,5360082,FALSE POSITIVE
151.7426399382748,1.0099086,0.00026951416,5360082,FALSE POSITIVE
151.76307431872556,1.0104727,0.000269418,5360082,FALSE POSITIVE
151.78350869894348,1.0102878,0.000269486,5360082,FALSE POSITIVE
151.80394297892053,1.010244,0.00026938145,5360082,FALSE POSITIVE
151.82437745867355,1.0103031,0.00026949047,5360082,FALSE POSITIVE
151.8448118384258,1.0107619,0.00026945694,5360082,FALSE POSITIVE
151.86524611794448,1.0111252,0.00026963322,5360082,FALSE POSITIVE
151.88568059722456,1.0106719,0.00026953503,5360082,FALSE POSITIVE
151.90611497627833,1.0099356,0.00026949443,5360082,FALSE POSITIVE
151.92654925532406,1.0105656,0.00026951288,5360082,FALSE POSITIVE
151.946983634145,1.0105696,0.00026954067,5360082,FALSE POSITIVE
151.96741811273387,1.0114137,0.00026963084,5360082,FALSE POSITIVE
151.98785249108187,1.010967,0.00026955048,5360082,FALSE POSITIVE
152.00828676920355,1.0113571,0.00026959833,5360082,FALSE POSITIVE
152.02872124732676,1.0118777,0.00026966457,5360082,FALSE POSITIVE
152.0491556252091,1.0121347,0.00026966067,5360082,FALSE POSITIVE
152.06958990286512,1.0119292,0.00026965138,5360082,FALSE POSITIVE
152.0900242805219,1.0124494,0.00026973113,5360082,FALSE POSITIVE
152.1104587577065,1.0129561,0.00026965627,5360082,FALSE POSITIVE
152.13089303489687,1.013325,0.00026975066,5360082,FALSE POSITIVE
152.15132741185516,1.0134201,0.00026978823,5360082,FALSE POSITIVE
152.17176178857335,1.0138836,0.00026986917,5360082,FALSE POSITIVE
152.1921961652988,1.0143447,0.00026990502,5360082,FALSE POSITIVE
152.2126305415586,1.0147157,0.00026984888,5360082,FALSE POSITIVE
152.2330649178184,1.0140482,0.00026979184,5360082,FALSE POSITIVE
152.25349939383887,1.0145713,0.00026994754,5360082,FALSE POSITIVE
152.27393366986507,1.0148053,0.00026993846,5360082,FALSE POSITIVE
152.31480232097965,1.01588,0.00027000892,5360082,FALSE POSITIVE
152.3352367963089,1.0161119,0.0002699857,5360082,FALSE POSITIVE
152.35567117140454,1.0163009,0.00026994565,5360082,FALSE POSITIVE
152.37610544649215,1.0161923,0.00026999088,5360082,FALSE POSITIVE
152.39653992135572,1.0165732,0.00026988113,5360082,FALSE POSITIVE
152.4169742957456,1.0173813,0.00026999944,5360082,FALSE POSITIVE
152.4374086703756,1.0185202,0.0002701679,5360082,FALSE POSITIVE
152.45784294453915,1.0194484,0.0002703276,5360082,FALSE POSITIVE
152.4782774184714,1.0192066,0.00027030037,5360082,FALSE POSITIVE
152.49871179239562,1.019375,0.0002703828,5360082,FALSE POSITIVE
152.51914606609353,1.019968,0.0002702741,5360082,FALSE POSITIVE
152.53958053955284,1.020644,0.000270477,5360082,FALSE POSITIVE
152.56001491301868,1.0217168,0.00027057366,5360082,FALSE POSITIVE
152.5804491860181,1.0220557,0.00027065555,5360082,FALSE POSITIVE
152.60088355901826,1.0222679,0.00027060887,5360082,FALSE POSITIVE
152.62131803177908,1.0229567,0.00027071367,5360082,FALSE POSITIVE
152.64175230431283,1.0245616,0.00027076856,5360082,FALSE POSITIVE
152.68262104914174,1.0249186,0.0002707827,5360082,FALSE POSITIVE
152.70305542097776,1.0261,0.0002708263,5360082,FALSE POSITIVE
152.7234897930466,1.0266701,0.00027100233,5360082,FALSE POSITIVE
152.74392416464252,1.0270661,0.0002710649,5360082,FALSE POSITIVE
152.76435863601364,1.027694,0.0002710978,5360082,FALSE POSITIVE
152.78479290737596,1.0279303,0.00027133597,5360082,FALSE POSITIVE
152.80522727851348,1.0288309,0.00027120288,5360082,FALSE POSITIVE
152.82566154941742,1.0288734,0.00027131286,5360082,FALSE POSITIVE
152.84609602032288,1.0301687,0.00027148955,5360082,FALSE POSITIVE
152.86653039075463,1.032244,0.00027149208,5360082,FALSE POSITIVE
152.8869646611929,1.0318012,0.00027140827,5360082,FALSE POSITIVE
152.9073991313926,1.0320103,0.00027139732,5360082,FALSE POSITIVE
152.92783350136597,1.0328934,0.0002716021,5360082,FALSE POSITIVE
152.94826787133934,1.0334473,0.0002716581,5360082,FALSE POSITIVE
152.9687021408463,1.034275,0.00027185358,5360082,FALSE POSITIVE
152.9891366103475,1.0353601,0.00027191517,5360082,FALSE POSITIVE
153.00957097962237,1.0355263,0.00027198636,5360082,FALSE POSITIVE
153.03000524866366,1.0355828,0.0002718353,5360082,FALSE POSITIVE
153.0504397176992,1.036285,0.00027190405,5360082,FALSE POSITIVE
153.07087408627558,1.0378966,0.00027198807,5360082,FALSE POSITIVE
153.0913083548512,1.0373871,0.00027208842,5360082,FALSE POSITIVE
153.1117427231875,1.0394025,0.00027219034,5360082,FALSE POSITIVE
153.1321771915318,1.0396861,0.00027225824,5360082,FALSE POSITIVE
153.15261145940894,1.0408286,0.00027227163,5360082,FALSE POSITIVE
153.17304582727957,1.040365,0.00027236962,5360082,FALSE POSITIVE
153.19348019492463,1.0413425,0.0002722744,5360082,FALSE POSITIVE
153.21391466233763,1.0418829,0.00027251375,5360082,FALSE POSITIVE
153.23434902950976,1.0426306,0.0002724412,5360082,FALSE POSITIVE
153.2547832966884,1.0439686,0.0002725942,5360082,FALSE POSITIVE
153.27521776339563,1.043841,0.0002723598,5360082,FALSE POSITIVE
153.29565213010937,1.0449756,0.00027271223,5360082,FALSE POSITIVE
153.31608639658953,1.0457822,0.0002726964,5360082,FALSE POSITIVE
153.33652076307044,1.0464629,0.00027287359,5360082,FALSE POSITIVE
153.35695512907841,1.046367,0.00027292076,5360082,FALSE POSITIVE
153.37738949509367,1.0472811,0.0002729586,5360082,FALSE POSITIVE
153.3978238608761,1.0474911,0.00027294186,5360082,FALSE POSITIVE
153.41825832641916,1.0484158,0.00027303107,5360082,FALSE POSITIVE
153.43869269173592,1.0489722,0.00027305516,5360082,FALSE POSITIVE
153.45912695705192,1.0490844,0.00027308724,5360082,FALSE POSITIVE
153.47956132189574,1.0496314,0.00027313537,5360082,FALSE POSITIVE
153.4999957867476,1.0501856,0.00027322554,5360082,FALSE POSITIVE
153.5204300513651,1.0507356,0.00027331605,5360082,FALSE POSITIVE
153.5408644159761,1.0512482,0.00027324454,5360082,FALSE POSITIVE
153.56129888012947,1.0512602,0.00027331617,5360082,FALSE POSITIVE
153.58173314428132,1.0517073,0.00027325927,5360082,FALSE POSITIVE
153.60216750819382,1.0517741,0.0002733766,5360082,FALSE POSITIVE
153.62260187188076,1.052253,0.00027337158,5360082,FALSE POSITIVE
153.64303623533488,1.0530596,0.0002735059,5360082,FALSE POSITIVE
153.66347059878171,1.0534182,0.00027343805,5360082,FALSE POSITIVE
153.68390496177017,1.0536125,0.0002734657,5360082,FALSE POSITIVE
153.70433922475786,1.0542957,0.00027355916,5360082,FALSE POSITIVE
153.72477368750697,1.0542413,0.00027363477,5360082,FALSE POSITIVE
153.7452080502626,1.054895,0.00027362176,5360082,FALSE POSITIVE
153.7656423125518,1.0560045,0.00027377674,5360082,FALSE POSITIVE
153.78607677483524,1.0560836,0.00027372764,5360082,FALSE POSITIVE
153.80651113665954,1.0566257,0.00027379234,5360082,FALSE POSITIVE
153.8269453987159,1.0570053,0.0002737771,5360082,FALSE POSITIVE
153.8473797603001,1.0575017,0.00027390997,5360082,FALSE POSITIVE
153.8678142216595,1.0574584,0.00027386862,5360082,FALSE POSITIVE
153.88824848301738,1.0577813,0.00027391766,5360082,FALSE POSITIVE
153.9086828441359,1.0584838,0.00027394335,5360082,FALSE POSITIVE
153.92911730502965,1.0588086,0.00027401885,5360082,FALSE POSITIVE
153.9495516656898,1.0596672,0.00027397295,5360082,FALSE POSITIVE
153.96998592610908,1.0591375,0.000273916,5360082,FALSE POSITIVE
153.9904202865364,1.0599748,0.0002740115,5360082,FALSE POSITIVE
154.01085474673164,1.0605003,0.00027410162,5360082,FALSE POSITIVE
154.03128900645243,1.0605507,0.0002740784,5360082,FALSE POSITIVE
154.05172336641408,1.0607451,0.00027413532,5360082,FALSE POSITIVE
154.07215782591084,1.0602298,0.00027410832,5360082,FALSE POSITIVE
154.09259208516596,1.0604687,0.00027397566,5360082,FALSE POSITIVE
154.11302644442912,1.0611905,0.00027396393,5360082,FALSE POSITIVE
154.13346080345946,1.0619993,0.00027413882,5360082,FALSE POSITIVE
154.15389516224968,1.0615664,0.00027415276,5360082,FALSE POSITIVE
154.17432952081435,1.062095,0.0002741643,5360082,FALSE POSITIVE
154.19476387937902,1.0628815,0.00027423466,5360082,FALSE POSITIVE
154.2151982377036,1.062619,0.00027413646,5360082,FALSE POSITIVE
154.23563259556977,1.0628927,0.00027420063,5360082,FALSE POSITIVE
154.25606695343595,1.0625198,0.00027396544,5360082,FALSE POSITIVE
154.2765012112941,1.0627775,0.0002740773,5360082,FALSE POSITIVE
154.29693566869537,1.0632694,0.0002741099,5360082,FALSE POSITIVE
154.3173700260959,1.0631981,0.00027433835,5360082,FALSE POSITIVE
154.3378042830227,1.0632927,0.00027420174,5360082,FALSE POSITIVE
154.35823863995756,1.0635622,0.00027420747,5360082,FALSE POSITIVE
154.37867309666035,1.064107,0.00027407904,5360082,FALSE POSITIVE
154.39910735335434,1.0642201,0.00027419746,5360082,FALSE POSITIVE
154.4195417095907,1.0645118,0.0002741374,5360082,FALSE POSITIVE
154.43997616582783,1.0647322,0.00027411856,5360082,FALSE POSITIVE
154.4604105218241,1.0644294,0.00027403556,5360082,FALSE POSITIVE
154.48084477759403,1.0638481,0.00027417068,5360082,FALSE POSITIVE
154.5012791331319,1.0639961,0.00027415904,5360082,FALSE POSITIVE
154.52171358843043,1.064259,0.00027418134,5360082,FALSE POSITIVE
154.5421478437347,1.0641356,0.0002741792,5360082,FALSE POSITIVE
154.56258219880692,1.0648991,0.00027413017,5360082,FALSE POSITIVE
154.5830166536398,1.0643891,0.0002740695,5360082,FALSE POSITIVE
154.60345090824558,1.0642799,0.00027406254,5360082,FALSE POSITIVE
154.6238852626193,1.0637357,0.00027410645,5360082,FALSE POSITIVE
154.64431961698574,1.0640994,0.0002740733,5360082,FALSE POSITIVE
154.6647539708938,1.0635476,0.00027401245,5360082,FALSE POSITIVE
154.68518832480186,1.0633351,0.00027395567,5360082,FALSE POSITIVE
154.7056226784698,1.0625384,0.00027417726,5360082,FALSE POSITIVE
154.72605713191297,1.0628569,0.000273805,5360082,FALSE POSITIVE
154.7464913853546,1.0621183,0.0002737813,5360082,FALSE POSITIVE
154.76692573832406,1.0627023,0.0002739327,5360082,FALSE POSITIVE
154.7873600913008,1.0623001,0.00027381218,5360082,FALSE POSITIVE
154.8077944440447,1.0618473,0.00027374615,5360082,FALSE POSITIVE
154.8282287965485,1.0616661,0.0002737074,5360082,FALSE POSITIVE
154.84866304882598,1.0621958,0.00027358942,5360082,FALSE POSITIVE
154.869097501105,1.0610707,0.00027367444,5360082,FALSE POSITIVE
154.8895318529103,1.0604993,0.00027354286,5360082,FALSE POSITIVE
154.90996620472288,1.0610973,0.00027322126,5360082,FALSE POSITIVE
154.93040055630263,1.0602092,0.00027324507,5360082,FALSE POSITIVE
154.95083490764227,1.0597874,0.00027332557,5360082,FALSE POSITIVE
154.97126925875637,1.059415,0.0002730942,5360082,FALSE POSITIVE
154.99170360987046,1.0591394,0.0002731073,5360082,FALSE POSITIVE
155.01213786051085,1.0591657,0.00027313863,5360082,FALSE POSITIVE
155.03257231116004,1.0582803,0.00027337897,5360082,FALSE POSITIVE
155.05300666157564,1.0573865,0.00027336527,5360082,FALSE POSITIVE
155.07344091175764,1.0570656,0.00027352542,5360082,FALSE POSITIVE
155.0938753619339,1.0560002,0.00027330848,5360082,FALSE POSITIVE
155.114309711651,1.0557244,0.00027290126,5360082,FALSE POSITIVE
155.13474396136007,1.0550693,0.00027311582,5360082,FALSE POSITIVE
155.15517831084435,1.0547731,0.00027298232,5360082,FALSE POSITIVE
155.17561276009656,1.053685,0.00027310266,5360082,FALSE POSITIVE
155.1960471091079,1.0533464,0.00027296526,5360082,FALSE POSITIVE
155.21648135789292,1.0524391,0.00027303203,5360082,FALSE POSITIVE
155.2369157066787,1.0523491,0.00027286448,5360082,FALSE POSITIVE
155.25735015522514,1.0512011,0.00027311864,5360082,FALSE POSITIVE
155.2982187516318,1.0499622,0.00027287286,5360082,FALSE POSITIVE
155.31865319947974,1.0500282,0.00027287478,5360082,FALSE POSITIVE
155.3390874471006,1.0481062,0.00027238514,5360082,FALSE POSITIVE
155.35952179472224,1.0476072,0.00027255932,5360082,FALSE POSITIVE
155.37995614187093,1.0464644,0.00027247192,5360082,FALSE POSITIVE
155.4003904890269,1.044525,0.00027246552,5360082,FALSE POSITIVE
155.42082483595004,1.0444393,0.00027245242,5360082,FALSE POSITIVE
155.44125918287318,1.0434023,0.00027235466,5360082,FALSE POSITIVE
155.46169362932415,1.0426987,0.00027211505,5360082,FALSE POSITIVE
155.48212787554803,1.0413839,0.00027226898,5360082,FALSE POSITIVE
155.5025622217654,1.0404484,0.0002722956,5360082,FALSE POSITIVE
155.52299646775646,1.0390177,0.0002722963,5360082,FALSE POSITIVE
155.5434309135162,1.0380107,0.00027209037,5360082,FALSE POSITIVE
155.56386525904236,,,5360082,FALSE POSITIVE
155.58429950456048,1.0360258,0.00027140827,5360082,FALSE POSITIVE
155.60473394962173,1.0350624,0.0002716578,5360082,FALSE POSITIVE
155.62516829467495,1.0330185,0.00027148906,5360082,FALSE POSITIVE
155.6456026395026,1.0300375,0.00027123335,5360082,FALSE POSITIVE
155.66603688409668,1.0266702,0.00027103152,5360082,FALSE POSITIVE
155.68647132845945,1.0222269,0.0002706254,5360082,FALSE POSITIVE
155.70690567258134,1.0193894,0.0002703569,5360082,FALSE POSITIVE
155.72733991670975,1.0167559,0.0002700621,5360082,FALSE POSITIVE
155.74777426037326,1.0124253,0.0002699255,5360082,FALSE POSITIVE
155.76820870403026,1.0100558,0.0002695607,5360082,FALSE POSITIVE
155.78864294746018,1.0082016,0.00026958378,5360082,FALSE POSITIVE
155.80907729065802,1.008544,0.00026949,5360082,FALSE POSITIVE
155.82951173384936,1.00982,0.00026956538,5360082,FALSE POSITIVE
155.84994597658078,1.0095395,0.0002695438,5360082,FALSE POSITIVE
155.87038031931297,1.0078562,0.00026953805,5360082,FALSE POSITIVE
155.89081466157222,1.0061924,0.00026934897,5360082,FALSE POSITIVE
155.9112491038395,1.0042899,0.00026926826,5360082,FALSE POSITIVE
155.93168334587244,1.0022414,0.00026899824,5360082,FALSE POSITIVE
155.95211768789886,0.9993714,0.00026877417,5360082,FALSE POSITIVE
155.97255212946766,0.9974883,0.00026862446,5360082,FALSE POSITIVE
155.99298637102765,0.99421346,0.0002682358,5360082,FALSE POSITIVE
156.01342071213003,0.99127764,0.00026810894,5360082,FALSE POSITIVE
156.03385495323164,0.9913564,0.00026803557,5360082,FALSE POSITIVE
156.05428939410194,0.9903075,0.0002680763,5360082,FALSE POSITIVE
156.07472373473138,0.99046695,0.00026803536,5360082,FALSE POSITIVE
156.0951580753681,0.98951316,0.00026798158,5360082,FALSE POSITIVE
156.11559241553186,0.9896779,0.00026785082,5360082,FALSE POSITIVE
156.13602675570291,0.9919461,0.00026819666,5360082,FALSE POSITIVE
156.15646109564113,0.99576557,0.000268411,5360082,FALSE POSITIVE
156.17689533534576,1.0004247,0.00026890295,5360082,FALSE POSITIVE
156.1973297748118,1.0007006,0.0002688391,5360082,FALSE POSITIVE
156.21776411405153,0.9998875,0.0002688606,5360082,FALSE POSITIVE
156.23819835305767,0.9985228,0.0002686195,5360082,FALSE POSITIVE
156.2586326920573,0.9967038,0.0002684972,5360082,FALSE POSITIVE
156.27906713083212,0.9958548,0.00026848537,5360082,FALSE POSITIVE
156.2995013693726,0.9952151,0.00026835676,5360082,FALSE POSITIVE
156.31993570767372,0.99429345,0.00026837434,5360082,FALSE POSITIVE
156.34037014575006,0.99277306,0.00026818467,5360082,FALSE POSITIVE
156.36080438359204,0.99167013,0.0002681375,5360082,FALSE POSITIVE
156.38123872119468,0.9908497,0.0002677843,5360082,FALSE POSITIVE
156.4016730588046,0.98913413,0.00026795076,5360082,FALSE POSITIVE
156.42210749618243,0.98803324,0.00026778452,5360082,FALSE POSITIVE
156.44254173331865,0.9861063,0.00026765835,5360082,FALSE POSITIVE
156.46297607023007,0.9847644,0.00026748778,5360082,FALSE POSITIVE
156.48341050690215,0.9839093,0.00026737616,5360082,FALSE POSITIVE
156.50384474334714,0.981811,0.00026698425,5360082,FALSE POSITIVE
156.5242790797929,0.9811407,0.00026702142,5360082,FALSE POSITIVE
156.54471341600583,0.9802477,0.00026694467,5360082,FALSE POSITIVE
156.56514775174583,0.9783992,0.00026679906,5360082,FALSE POSITIVE
156.5855820874931,0.9768482,0.00026676283,5360082,FALSE POSITIVE
156.60601642324036,0.9760266,0.0002665366,5360082,FALSE POSITIVE
156.6264507585147,0.9743976,0.00026646454,5360082,FALSE POSITIVE
156.64688509356347,0.9726986,0.0002659506,5360082,FALSE POSITIVE
156.66731942861225,0.97211486,0.00026614507,5360082,FALSE POSITIVE
156.68775376318808,0.97098774,0.00026600203,5360082,FALSE POSITIVE
156.7081880977712,0.96940714,0.00026598226,5360082,FALSE POSITIVE
156.72862243212148,0.96841896,0.00026587636,5360082,FALSE POSITIVE
156.74905676623166,0.96736103,0.0002658365,5360082,FALSE POSITIVE
156.76949100034835,0.96633416,0.0002656673,5360082,FALSE POSITIVE
156.7899254340009,0.96516263,0.00026567854,5360082,FALSE POSITIVE
156.81035976764542,0.9639921,0.00026559026,5360082,FALSE POSITIVE
156.83079410083155,0.96209323,0.00026519672,5360082,FALSE POSITIVE
156.85122843401768,0.96115655,0.00026515385,5360082,FALSE POSITIVE
156.8716627669637,0.96024996,0.0002651012,5360082,FALSE POSITIVE
156.89209709968418,0.95896715,0.0002650602,5360082,FALSE POSITIVE
156.91253133217106,0.9582094,0.00026486831,5360082,FALSE POSITIVE
156.93296576465218,0.95643467,0.0002648003,5360082,FALSE POSITIVE
156.95340009667416,0.95531136,0.00026460123,5360082,FALSE POSITIVE
156.97383432869538,0.9546055,0.0002645708,5360082,FALSE POSITIVE
156.994268760478,0.95331687,0.00026456872,5360082,FALSE POSITIVE
157.01470309203432,0.9517972,0.00026445306,5360082,FALSE POSITIVE
157.03513732335705,0.95027196,0.0002640409,5360082,FALSE POSITIVE
157.05557165444043,0.9500012,0.0002640913,5360082,FALSE POSITIVE
157.07600608553184,0.9486883,0.00026383152,5360082,FALSE POSITIVE
157.09644031615608,0.9474459,0.0002638314,5360082,FALSE POSITIVE
157.1168746467738,0.94660264,0.0002637438,5360082,FALSE POSITIVE
157.13730907716672,0.94643253,0.00026367666,5360082,FALSE POSITIVE
157.15774340709322,0.94454485,0.00026358422,5360082,FALSE POSITIVE
157.1781776370117,0.9431832,0.0002633915,5360082,FALSE POSITIVE
157.1986119669382,0.9422987,0.00026343993,5360082,FALSE POSITIVE
157.2190463963998,0.9416238,0.0002632626,5360082,FALSE POSITIVE
157.23948062561976,0.9403737,0.00026316004,5360082,FALSE POSITIVE
157.25991495484777,0.9394913,0.00026304767,5360082,FALSE POSITIVE
157.28034928384295,0.9375287,0.0002629439,5360082,FALSE POSITIVE
157.30078361259802,0.9373806,0.00026287677,5360082,FALSE POSITIVE
157.32121794112754,0.9358921,0.00026271163,5360082,FALSE POSITIVE
157.34165226942423,0.93535876,0.00026277825,5360082,FALSE POSITIVE
157.3620865974808,0.9344173,0.00026270605,5360082,FALSE POSITIVE
157.38252092554467,0.9326231,0.00026252656,5360082,FALSE POSITIVE
157.40295525314286,0.9324041,0.00026252712,5360082,FALSE POSITIVE
157.4233894807403,0.93132573,0.00026245957,5360082,FALSE POSITIVE
157.44382390809915,0.9303796,0.00026234775,5360082,FALSE POSITIVE
157.46425823523168,0.9293067,0.0002622809,5360082,FALSE POSITIVE
157.48469246212335,0.9281655,0.00026222068,5360082,FALSE POSITIVE
157.50512688879098,0.9273713,0.0002621597,5360082,FALSE POSITIVE
157.52556121522503,0.9264488,0.0002619629,5360082,FALSE POSITIVE
157.54599544165103,0.92598933,0.00026197566,5360082,FALSE POSITIVE
157.5664297676194,0.924946,0.00026183805,5360082,FALSE POSITIVE
157.58686419358855,0.9237388,0.00026172263,5360082,FALSE POSITIVE
157.60729841931607,0.9232824,0.0002617619,5360082,FALSE POSITIVE
157.6277327448188,0.92219484,0.0002617224,5360082,FALSE POSITIVE
157.64816717008944,0.92159384,0.00026168223,5360082,FALSE POSITIVE
157.66860149511922,0.921032,0.0002615844,5360082,FALSE POSITIVE
157.68903572015552,0.9203909,0.00026155208,5360082,FALSE POSITIVE
157.7094700447269,0.91963905,0.00026141817,5360082,FALSE POSITIVE
157.7299044692918,0.9181329,0.00026128217,5360082,FALSE POSITIVE
157.7503386936296,0.91727084,0.0002611756,5360082,FALSE POSITIVE
157.77077301773534,0.9167497,0.00026125446,5360082,FALSE POSITIVE
157.79120744160173,0.91600335,0.00026112702,5360082,FALSE POSITIVE
157.81164166524104,0.91580826,0.00026113124,5360082,FALSE POSITIVE
157.83207598864828,0.9155867,0.00026100612,5360082,FALSE POSITIVE
157.85251031204825,0.91501576,0.00026104331,5360082,FALSE POSITIVE
157.87294463498984,0.9140825,0.00026088933,5360082,FALSE POSITIVE
157.89337895793142,0.91373307,0.00026092157,5360082,FALSE POSITIVE
157.9138132806329,0.9128654,0.00026087923,5360082,FALSE POSITIVE
157.93424750287522,0.91278934,0.0002608305,5360082,FALSE POSITIVE
157.95468192511908,0.912437,0.00026078758,5360082,FALSE POSITIVE
157.9751162473549,0.91203964,0.00026067134,5360082,FALSE POSITIVE
157.99555046913156,0.91084516,0.00026069206,5360082,FALSE POSITIVE
158.01598489067692,0.9104964,0.00026053583,5360082,FALSE POSITIVE
158.03641921221424,0.9101032,0.00026065265,5360082,FALSE POSITIVE
158.05685343329242,0.910043,0.00026052145,5360082,FALSE POSITIVE
158.07728775437135,0.90909004,0.00026046755,5360082,FALSE POSITIVE
158.09772217521095,0.90820324,0.0002604134,5360082,FALSE POSITIVE
158.11815649582422,0.9086102,0.0002604536,5360082,FALSE POSITIVE
158.1385907162039,0.9075135,0.0002602898,5360082,FALSE POSITIVE
158.15902513657784,0.9078181,0.0002602583,5360082,FALSE POSITIVE
158.17945945649262,0.9074062,0.00026032512,5360082,FALSE POSITIVE
158.19989367617382,0.90769714,0.00026026356,5360082,FALSE POSITIVE
158.2203279958485,0.9073839,0.00026027832,5360082,FALSE POSITIVE
158.24076241529838,0.9072866,0.00026002625,5360082,FALSE POSITIVE
158.28163095349737,0.90671414,0.0002600293,5360082,FALSE POSITIVE
158.3020653722415,0.90625185,0.00026019604,5360082,FALSE POSITIVE
158.3224996907593,0.90585023,0.00026001802,5360082,FALSE POSITIVE
158.34293390903622,0.9059276,0.00026011412,5360082,FALSE POSITIVE
158.3633682273212,0.90552807,0.00025997334,5360082,FALSE POSITIVE
158.38380264514126,0.9058422,0.0002597648,5360082,FALSE POSITIVE
158.4042369629533,0.90604174,0.00026016228,5360082,FALSE POSITIVE
158.424671180539,0.90577465,0.00026012803,5360082,FALSE POSITIVE
158.44510549789265,0.9054975,0.00026016336,5360082,FALSE POSITIVE
158.46553991500696,0.9062389,0.00026019337,5360082,FALSE POSITIVE
158.48597413189418,0.9057748,0.00026024174,5360082,FALSE POSITIVE
158.50640844854934,0.90616834,0.00026008338,5360082,FALSE POSITIVE
158.52684286519798,0.9057365,0.0002602569,5360082,FALSE POSITIVE
158.5472770813867,0.905893,0.00026014022,5360082,FALSE POSITIVE
158.5677113975762,0.9059137,0.00026025108,5360082,FALSE POSITIVE
158.58814571329276,0.9059179,0.0002601279,5360082,FALSE POSITIVE
158.6085800290166,0.9062291,0.0002601961,5360082,FALSE POSITIVE
158.6290143445076,0.9066807,0.0002602789,5360082,FALSE POSITIVE
158.64944865976577,0.9064502,0.00026011237,5360082,FALSE POSITIVE
158.66988307501742,0.90635294,0.00026024636,5360082,FALSE POSITIVE
158.69031728980917,0.90671235,0.00026010553,5360082,FALSE POSITIVE
158.71075160436158,0.9065069,0.00026030786,5360082,FALSE POSITIVE
158.7311858189205,0.9065101,0.0002602334,5360082,FALSE POSITIVE
158.75162023301527,0.9061254,0.00026015504,5360082,FALSE POSITIVE
158.7720545471093,0.9071287,0.00026010073,5360082,FALSE POSITIVE
158.7924888609632,0.90693605,0.0002603127,5360082,FALSE POSITIVE
158.81292317459156,0.90702134,0.00026027331,5360082,FALSE POSITIVE
158.8333574879798,0.9079183,0.00026034252,5360082,FALSE POSITIVE
158.8537918011425,0.90752524,0.0002603176,5360082,FALSE POSITIVE
158.8742260140716,0.9079518,0.00026017727,5360082,FALSE POSITIVE
158.89466042700224,0.9081115,0.000260251,5360082,FALSE POSITIVE
158.91509473945916,0.9088146,0.0002602807,5360082,FALSE POSITIVE
158.9355289519226,0.9088031,0.00026041034,5360082,FALSE POSITIVE
158.95596336414746,0.90980846,0.000260503,5360082,FALSE POSITIVE
158.976397676146,0.910015,0.00026064087,5360082,FALSE POSITIVE
158.99683188791096,0.9098261,0.0002604491,5360082,FALSE POSITIVE
159.01726619944384,0.9110321,0.0002606999,5360082,FALSE POSITIVE
159.03770061073737,0.91118485,0.00026067955,5360082,FALSE POSITIVE
159.05813482180383,0.91178006,0.00026053836,5360082,FALSE POSITIVE
159.07856913263822,0.9125484,0.00026083583,5360082,FALSE POSITIVE
159.09900344346534,0.9123925,0.00026071398,5360082,FALSE POSITIVE
159.11943785383482,0.9131084,0.00026080853,5360082,FALSE POSITIVE
159.1398720642028,0.91405886,0.00026076153,5360082,FALSE POSITIVE
159.1603063743314,0.9144471,0.00026093304,5360082,FALSE POSITIVE
159.18074078423524,0.9148689,0.00026084296,5360082,FALSE POSITIVE
159.20117499389744,0.9154385,0.00026106797,5360082,FALSE POSITIVE
159.22160930333484,0.9163438,0.0002610515,5360082,FALSE POSITIVE
159.24204351253866,0.9170614,0.00026112513,5360082,FALSE POSITIVE
159.262477921744,0.91730016,0.00026104256,5360082,FALSE POSITIVE
159.28291223047563,0.9179497,0.00026115982,5360082,FALSE POSITIVE
159.3033465389817,0.91818017,0.00026121625,5360082,FALSE POSITIVE
159.32378084748052,0.91864157,0.00026121674,5360082,FALSE POSITIVE
159.34421515575377,0.9195238,0.00026136803,5360082,FALSE POSITIVE
159.3646494637942,0.9199962,0.00026141986,5360082,FALSE POSITIVE
159.38508367160102,0.9207357,0.00026128543,5360082,FALSE POSITIVE
159.40551807916927,0.9220615,0.0002613625,5360082,FALSE POSITIVE
159.4259523865112,0.9233734,0.00026169632,5360082,FALSE POSITIVE
159.44638659361954,0.9242833,0.00026171198,5360082,FALSE POSITIVE
159.4668210004893,0.9251947,0.0002618541,5360082,FALSE POSITIVE
159.48725530736556,0.92602277,0.00026189943,5360082,FALSE POSITIVE
159.5076895137754,0.92652047,0.0002618182,5360082,FALSE POSITIVE
159.52812382017873,0.927648,0.00026204588,5360082,FALSE POSITIVE
159.54855822635727,0.92844254,0.00026201023,5360082,FALSE POSITIVE
159.56899243206863,0.92829597,0.00026207045,5360082,FALSE POSITIVE
159.58942673777346,0.92907816,0.00026205537,5360082,FALSE POSITIVE
159.60986104325275,0.92960125,0.0002622246,5360082,FALSE POSITIVE
159.6302954487328,0.9311805,0.0002623346,5360082,FALSE POSITIVE
159.65072965373838,0.93183976,0.0002623926,5360082,FALSE POSITIVE
159.67116395851917,0.932472,0.00026243387,5360082,FALSE POSITIVE
159.69159836329345,0.9337141,0.0002624837,5360082,FALSE POSITIVE
159.71203256760782,0.9342726,0.00026262755,5360082,FALSE POSITIVE
159.73246687192295,0.9358161,0.00026263617,5360082,FALSE POSITIVE
159.75290117577242,0.936064,0.00026267505,5360082,FALSE POSITIVE
159.77333547961462,0.9368655,0.00026259033,5360082,FALSE POSITIVE
159.79376978323126,0.93768585,0.00026277368,5360082,FALSE POSITIVE
159.81420408661506,0.9388586,0.0002627687,5360082,FALSE POSITIVE
159.83463838975877,0.94000196,0.00026300104,5360082,FALSE POSITIVE
159.8550726926769,0.94108784,0.00026299414,5360082,FALSE POSITIVE
159.87550699559506,0.9413557,0.00026309866,5360082,FALSE POSITIVE
159.8959411980395,0.94300133,0.00026307986,5360082,FALSE POSITIVE
159.91637560025993,0.9440839,0.0002630782,5360082,FALSE POSITIVE
159.93680990247958,0.9445149,0.00026325698,5360082,FALSE POSITIVE
159.95724420445913,0.94627905,0.00026337866,5360082,FALSE POSITIVE
159.9776785059803,0.9465934,0.00026353425,5360082,FALSE POSITIVE
159.99811280750146,0.9483836,0.00026370367,5360082,FALSE POSITIVE
160.0185471087825,0.9486339,0.00026377634,5360082,FALSE POSITIVE
160.03898140983802,0.94988877,0.000263779,5360082,FALSE POSITIVE
160.0594157106607,0.950998,0.00026405134,5360082,FALSE POSITIVE
160.07985001124325,0.9516534,0.00026411482,5360082,FALSE POSITIVE
160.1002843118331,0.952291,0.00026414575,5360082,FALSE POSITIVE
160.1207185119565,0.9534257,0.0002641939,5360082,FALSE POSITIVE
160.14115291207418,0.95374215,0.0002641873,5360082,FALSE POSITIVE
160.1615872117327,0.95477325,0.000264375,5360082,FALSE POSITIVE
160.18202141139045,0.95571965,0.00026439587,5360082,FALSE POSITIVE
160.2024558105768,0.9564117,0.0002642728,5360082,FALSE POSITIVE
160.22289010976965,0.95752627,0.00026451176,5360082,FALSE POSITIVE
160.24332430872892,0.9584256,0.00026443865,5360082,FALSE POSITIVE
160.26375860744884,0.95973474,0.00026487737,5360082,FALSE POSITIVE
160.28419300594396,0.9605965,0.00026494876,5360082,FALSE POSITIVE
160.30462720420473,0.96183014,0.00026508814,5360082,FALSE POSITIVE
160.325061502459,0.9624616,0.0002651086,5360082,FALSE POSITIVE
160.34549590025563,0.9630923,0.000265135,5360082,FALSE POSITIVE
160.3659301980515,0.96384114,0.0002651364,5360082,FALSE POSITIVE
160.38636439537368,0.9635494,0.00026529207,5360082,FALSE POSITIVE
160.4067986927039,0.96477133,0.00026525493,5360082,FALSE POSITIVE
160.4272330895692,0.96584094,0.0002655691,5360082,FALSE POSITIVE
160.4476672864257,0.9670903,0.00026558462,5360082,FALSE POSITIVE
160.46810158305743,0.9675139,0.0002655253,5360082,FALSE POSITIVE
160.48853597945708,0.9683544,0.000265634,5360082,FALSE POSITIVE
160.5089701756151,0.9694654,0.0002658619,5360082,FALSE POSITIVE
160.52940447154833,0.97034925,0.0002658369,5360082,FALSE POSITIVE
160.54983876724873,0.97146034,0.00026588238,5360082,FALSE POSITIVE
160.57027306270902,0.97176474,0.00026601527,5360082,FALSE POSITIVE
160.5907073581766,0.9728773,0.0002661147,5360082,FALSE POSITIVE
160.6111416531785,0.97358763,0.0002660912,5360082,FALSE POSITIVE
160.63157584817964,0.9751984,0.000266252,5360082,FALSE POSITIVE
160.65201024270937,0.9747848,0.00026606998,5360082,FALSE POSITIVE
160.6724445372456,0.9747789,0.0002659245,5360082,FALSE POSITIVE
160.692878731541,0.9757551,0.00026614565,5360082,FALSE POSITIVE
160.71331312561233,0.9766719,0.00026629475,5360082,FALSE POSITIVE
160.73374741945008,0.9774462,0.00026640634,5360082,FALSE POSITIVE
160.75418161304697,0.9780727,0.00026641006,5360082,FALSE POSITIVE
160.77461590641906,0.9794147,0.00026658917,5360082,FALSE POSITIVE
160.79505029955908,0.9799721,0.00026668605,5360082,FALSE POSITIVE
160.81548459245823,0.98078835,0.00026665363,5360082,FALSE POSITIVE
160.83591878513107,0.98164606,0.00026688492,5360082,FALSE POSITIVE
160.85635317780543,0.9813552,0.0002668791,5360082,FALSE POSITIVE
160.8767874700061,0.9829822,0.00026702174,5360082,FALSE POSITIVE
160.89722166221327,0.9830367,0.0002670603,5360082,FALSE POSITIVE
160.91765595395555,0.9841522,0.00026721798,5360082,FALSE POSITIVE
160.9380903456913,0.98433524,0.000267302,5360082,FALSE POSITIVE
160.9585245372,0.98537767,0.0002671699,5360082,FALSE POSITIVE
160.9789588284766,0.9851617,0.00026725055,5360082,FALSE POSITIVE
160.99939321951388,0.9859225,0.00026733795,5360082,FALSE POSITIVE
161.01982741032407,0.98739207,0.00026749147,5360082,FALSE POSITIVE
161.0402617009022,0.9875371,0.00026740815,5360082,FALSE POSITIVE
161.0606959912402,0.9884671,0.0002675315,5360082,FALSE POSITIVE
161.08113028135267,0.98906136,0.00026762788,5360082,FALSE POSITIVE
161.10156457146513,0.9890187,0.00026753123,5360082,FALSE POSITIVE
161.12199886110466,0.9891379,0.00026767197,5360082,FALSE POSITIVE
161.1424332505194,0.98969936,0.0002675564,5360082,FALSE POSITIVE
161.1628674399326,0.9904556,0.00026774174,5360082,FALSE POSITIVE
161.18330172910646,0.99062705,0.0002676649,5360082,FALSE POSITIVE
161.20373591782118,0.99151,0.00026782142,5360082,FALSE POSITIVE
161.22417030653742,0.9908059,0.00026775652,5360082,FALSE POSITIVE
161.2650388832626,0.9918693,0.00026778254,5360082,FALSE POSITIVE
161.28547307127883,0.99238247,0.00026793222,5360082,FALSE POSITIVE
161.30590745905647,0.9924109,0.0002680209,5360082,FALSE POSITIVE
161.3263417466078,0.992751,0.0002680172,5360082,FALSE POSITIVE
161.34677593392553,0.9925807,0.00026786668,5360082,FALSE POSITIVE
161.36721032100468,0.9928337,0.00026803778,5360082,FALSE POSITIVE
161.38764460809034,0.99311244,0.00026804343,5360082,FALSE POSITIVE
161.40807879470958,0.99313223,0.00026786418,5360082,FALSE POSITIVE
161.42851308108948,0.99359685,0.00026811654,5360082,FALSE POSITIVE
161.4489474674774,0.99402976,0.0002681508,5360082,FALSE POSITIVE
161.469381653631,0.9941137,0.00026798455,5360082,FALSE POSITIVE
161.48981593931967,0.9935614,0.00026791895,5360082,FALSE POSITIVE
161.51025032500183,0.99455583,0.0002681125,5360082,FALSE POSITIVE
161.53068451045692,0.9947098,0.00026821773,5360082,FALSE POSITIVE
161.55111879567266,0.9954193,0.0002683043,5360082,FALSE POSITIVE
161.57155308066285,0.9960911,0.00026827166,5360082,FALSE POSITIVE
161.59198746542097,0.99694735,0.00026833784,5360082,FALSE POSITIVE
161.61242164994474,0.99626815,0.0002682517,5360082,FALSE POSITIVE
161.63285593422916,0.9965623,0.00026838828,5360082,FALSE POSITIVE
161.65329031828878,0.99559,0.0002680534,5360082,FALSE POSITIVE
161.67372460210754,0.9961313,0.00026823897,5360082,FALSE POSITIVE
161.6941587859328,0.9963702,0.0002681974,5360082,FALSE POSITIVE
161.7145930692932,0.99716467,0.00026832463,5360082,FALSE POSITIVE
161.73502745264705,0.9968094,0.0002682872,5360082,FALSE POSITIVE
161.755461635541,0.9964956,0.00026825423,5360082,FALSE POSITIVE
161.7758959184357,0.99706393,0.00026825123,5360082,FALSE POSITIVE
161.79633020085748,0.9968298,0.00026828822,5360082,FALSE POSITIVE
161.81676448328653,0.9971728,0.00026830976,5360082,FALSE POSITIVE
161.83719876548275,0.99859095,0.0002684186,5360082,FALSE POSITIVE
161.85763304744614,0.99918634,0.00026831884,5360082,FALSE POSITIVE
161.8780674291702,0.9991722,0.00026848237,5360082,FALSE POSITIVE
161.89850161066715,0.99952394,0.00026840015,5360082,FALSE POSITIVE
161.91893589192478,0.99902564,0.0002685418,5360082,FALSE POSITIVE
161.93937007295608,0.9997106,0.00026857888,5360082,FALSE POSITIVE
161.95980445375608,0.99969983,0.00026864235,5360082,FALSE POSITIVE
161.98023873432248,1.0001101,0.00026862006,5360082,FALSE POSITIVE
162.00067301464878,0.99946207,0.00026860493,5360082,FALSE POSITIVE
162.02110729498236,1.0003433,0.0002686661,5360082,FALSE POSITIVE
162.041541574843,0.99990356,0.00026863063,5360082,FALSE POSITIVE
162.0619758547109,0.99994373,0.00026859352,5360082,FALSE POSITIVE
162.0824100341124,1.0001025,0.00026867306,5360082,FALSE POSITIVE
162.1028444135154,1.000637,0.0002686624,5360082,FALSE POSITIVE
162.12327869244473,1.0002481,0.00026865897,5360082,FALSE POSITIVE
162.14371287138056,1.0001307,0.00026862958,5360082,FALSE POSITIVE
162.1641472500778,1.0002581,0.00026861226,5360082,FALSE POSITIVE
162.18458152854873,0.99987483,0.00026865903,5360082,FALSE POSITIVE
162.20501570678607,0.9999278,0.0002685932,5360082,FALSE POSITIVE
162.22544998479134,1.0002079,0.00026864745,5360082,FALSE POSITIVE
162.24588436255726,1.0002512,0.0002685187,5360082,FALSE POSITIVE
162.2663185400961,1.0001252,0.0002686043,5360082,FALSE POSITIVE
162.28675281740288,0.9998145,0.00026846322,5360082,FALSE POSITIVE
162.30718719447032,1.0005654,0.00026857472,5360082,FALSE POSITIVE
162.32762147131143,1.000222,0.00026843828,5360082,FALSE POSITIVE
162.34805564791895,1.0001351,0.00026854812,5360082,FALSE POSITIVE
162.36848992451996,1.000618,0.00026863883,5360082,FALSE POSITIVE
162.38892430066335,1.0008193,0.0002684318,5360082,FALSE POSITIVE
162.40935847679793,1.0014096,0.0002685234,5360082,FALSE POSITIVE
162.4297927524749,1.0000362,0.00026840012,5360082,FALSE POSITIVE
162.4502269281511,1.0000681,0.00026845012,5360082,FALSE POSITIVE
162.47066130336316,1.0008643,0.00026857128,5360082,FALSE POSITIVE
162.49109557856718,1.0002139,0.00026847032,5360082,FALSE POSITIVE
162.51152925331553,0.9997575,0.00026840257,5360082,FALSE POSITIVE
162.53196362805465,1.0005035,0.0002683933,5360082,FALSE POSITIVE
162.5523978025667,1.0004221,0.0002684351,5360082,FALSE POSITIVE
162.5728320768394,1.0000778,0.00026819075,5360082,FALSE POSITIVE
162.59326635088655,1.0004404,0.0002683928,5360082,FALSE POSITIVE
162.61370072470163,1.0006443,0.00026840967,5360082,FALSE POSITIVE
162.63413489828235,1.0006927,0.00026854876,5360082,FALSE POSITIVE
162.65456917162373,1.0001082,0.0002683376,5360082,FALSE POSITIVE
162.67500354474032,1.0001035,0.00026837652,5360082,FALSE POSITIVE
162.69543771761528,1.0005138,0.00026842847,5360082,FALSE POSITIVE
162.71587199026544,0.9999217,0.00026839698,5360082,FALSE POSITIVE
162.7363062629156,1.0008637,0.00026856858,5360082,FALSE POSITIVE
162.7567405351001,1.0005486,0.00026830673,5360082,FALSE POSITIVE
162.7771748070445,1.0001477,0.0002684019,5360082,FALSE POSITIVE
162.79760907899617,1.0003283,0.00026836692,5360082,FALSE POSITIVE
162.8180433504749,1.0007769,0.00026840402,5360082,FALSE POSITIVE
162.83847762196092,1.0008855,0.00026853592,5360082,FALSE POSITIVE
162.85891189298127,1.0008188,0.00026842582,5360082,FALSE POSITIVE
162.87934606400086,1.001367,0.00026850108,5360082,FALSE POSITIVE
162.89978043478186,1.0013477,0.00026820617,5360082,FALSE POSITIVE
162.92021470510372,1.0010886,0.00026838572,5360082,FALSE POSITIVE
162.9406488754248,1.001468,0.00026831188,5360082,FALSE POSITIVE
162.96108314550656,1.0017216,0.00026848694,5360082,FALSE POSITIVE
162.98151751536352,1.0012096,0.000268591,5360082,FALSE POSITIVE
163.0019516847533,1.0014522,0.0002683745,5360082,FALSE POSITIVE
163.02238595413655,1.0020179,0.0002685641,5360082,FALSE POSITIVE
163.04282032329502,1.0018388,0.00026824643,5360082,FALSE POSITIVE
163.06325459221262,1.0017496,0.0002684093,5360082,FALSE POSITIVE
163.08368876113673,1.0024322,0.00026863973,5360082,FALSE POSITIVE
163.10412302959594,1.0018278,0.0002686397,5360082,FALSE POSITIVE
163.12455739782308,1.0020461,0.00026863854,5360082,FALSE POSITIVE
163.1449915658086,1.0023208,0.00026834413,5360082,FALSE POSITIVE
163.16542583356932,1.0029659,0.00026850234,5360082,FALSE POSITIVE
163.18586020132352,1.0028183,0.00026850763,5360082,FALSE POSITIVE
163.20629436861782,1.003035,0.00026872646,5360082,FALSE POSITIVE
163.22672863568005,1.0036327,0.0002686437,5360082,FALSE POSITIVE
163.24716290274228,1.0035986,0.0002686057,5360082,FALSE POSITIVE
163.26759716933157,1.0034697,0.00026866884,5360082,FALSE POSITIVE
163.28803143592813,1.0035733,0.00026850632,5360082,FALSE POSITIVE
163.30846570205904,1.0043796,0.00026861508,5360082,FALSE POSITIVE
163.32890006818343,1.0048385,0.00026867058,5360082,FALSE POSITIVE
163.3493342338479,1.004618,0.00026854462,5360082,FALSE POSITIVE
163.36976849951316,1.0048158,0.00026864395,5360082,FALSE POSITIVE
163.39020266493753,1.0048802,0.00026841444,5360082,FALSE POSITIVE
163.41063702990505,1.0055996,0.00026874343,5360082,FALSE POSITIVE
163.4310712948718,1.006025,0.0002685594,5360082,FALSE POSITIVE
163.45150545959768,1.0066395,0.00026879346,5360082,FALSE POSITIVE
163.47193982409954,1.0071139,0.00026877192,5360082,FALSE POSITIVE
163.4923740883678,1.0069655,0.00026892207,5360082,FALSE POSITIVE
163.51280835239595,1.0080202,0.0002688359,5360082,FALSE POSITIVE
163.53324251596496,1.014644,0.00026932164,5360082,FALSE POSITIVE
163.5536768795282,1.0141684,0.00026945156,5360082,FALSE POSITIVE
163.57411114309798,1.0123249,0.00026913165,5360082,FALSE POSITIVE
163.59454530620133,1.011577,0.00026890106,5360082,FALSE POSITIVE
163.6149795690726,1.0116764,0.0002690812,5360082,FALSE POSITIVE
163.63541393170453,1.0116029,0.00026901608,5360082,FALSE POSITIVE
163.6558480941094,1.0130405,0.0002690149,5360082,FALSE POSITIVE
163.67628235628217,1.012935,0.0002689281,5360082,FALSE POSITIVE
163.69671671844844,1.0139332,0.00026917836,5360082,FALSE POSITIVE
163.7171508801548,1.0145626,0.0002690674,5360082,FALSE POSITIVE
163.7375851416291,1.0147594,0.0002693105,5360082,FALSE POSITIVE
163.7580194030961,1.0152268,0.0002693783,5360082,FALSE POSITIVE
163.77845366410475,1.0161136,0.00026937525,5360082,FALSE POSITIVE
163.79888792488055,1.0165695,0.00026942525,5360082,FALSE POSITIVE
163.81932218564907,1.016924,0.0002693904,5360082,FALSE POSITIVE
163.83975654595997,1.0178341,0.00026943345,5360082,FALSE POSITIVE
163.86019070626935,1.0181472,0.00026924946,5360082,FALSE POSITIVE
163.88062496610655,1.0190177,0.0002696055,5360082,FALSE POSITIVE
163.90105912595027,1.019788,0.00026968707,5360082,FALSE POSITIVE
163.92149348556268,1.0204387,0.00026960348,5360082,FALSE POSITIVE
163.9419277447014,1.0206332,0.00026958217,5360082,FALSE POSITIVE
163.96236200384737,1.0213925,0.00026959614,5360082,FALSE POSITIVE
163.98279626276053,1.0216938,0.00026979487,5360082,FALSE POSITIVE
164.00323052120075,1.0229943,0.00026973346,5360082,FALSE POSITIVE
164.02366477964824,1.0229018,0.0002700497,5360082,FALSE POSITIVE
164.04409893786215,1.0232877,0.00026986364,5360082,FALSE POSITIVE
164.06453329583746,1.0247604,0.00027001754,5360082,FALSE POSITIVE
164.08496755358647,1.0252876,0.0002700402,5360082,FALSE POSITIVE
164.10540181110264,1.0258512,0.00026979833,5360082,FALSE POSITIVE
164.1258359681451,1.0271913,0.00027034458,5360082,FALSE POSITIVE
164.14627032519638,1.0279114,0.0002700064,5360082,FALSE POSITIVE
164.1667044820133,1.029286,0.00027052854,5360082,FALSE POSITIVE
164.18713873859087,1.0292748,0.0002702784,5360082,FALSE POSITIVE
164.20757309494365,1.0297495,0.00027029755,5360082,FALSE POSITIVE
164.248441507174,1.0311513,0.00027008477,5360082,FALSE POSITIVE
164.26887576282752,1.0324148,0.00027061207,5360082,FALSE POSITIVE
164.28931001824822,1.0388991,0.0002708771,5360082,FALSE POSITIVE
164.3097442734288,1.042464,0.00027173682,5360082,FALSE POSITIVE
164.33017852838384,1.0417181,0.00027129517,5360082,FALSE POSITIVE
164.3506128831068,1.0400246,0.00027125853,5360082,FALSE POSITIVE
164.37104713782173,1.0393088,0.00027122928,5360082,FALSE POSITIVE
164.39148129207751,1.0388505,0.0002708667,5360082,FALSE POSITIVE
164.41191554610123,1.0390632,0.00027141083,5360082,FALSE POSITIVE
164.43234980011766,1.0391686,0.00027126144,5360082,FALSE POSITIVE
164.4527840536757,1.0398333,0.00027118373,5360082,FALSE POSITIVE
164.47321830700093,1.0399828,0.00027108166,5360082,FALSE POSITIVE
164.49365266031964,1.040225,0.00027075913,5360082,FALSE POSITIVE
164.51408681317844,1.0417718,0.00027132986,5360082,FALSE POSITIVE
164.53452106580517,1.0417459,0.00027121883,5360082,FALSE POSITIVE
164.55495531842462,1.0423262,0.00027161042,5360082,FALSE POSITIVE
164.57538957058568,1.0434855,0.0002715249,5360082,FALSE POSITIVE
164.59582382274675,1.0439373,0.0002714762,5360082,FALSE POSITIVE
164.61625807443488,1.0442737,0.00027144712,5360082,FALSE POSITIVE
164.63669222612953,1.0446008,0.00027145498,5360082,FALSE POSITIVE
164.65712657759286,1.0460533,0.000271951,5360082,FALSE POSITIVE
164.6775608285825,1.0461084,0.00027182,5360082,FALSE POSITIVE
164.6979950795794,1.0469462,0.0002719953,5360082,FALSE POSITIVE
164.71842933011067,1.04746,0.00027185917,5360082,FALSE POSITIVE
164.73886358063464,1.048202,0.00027172937,5360082,FALSE POSITIVE
164.75929783093306,1.0499032,0.00027169817,5360082,FALSE POSITIVE
164.77973198076506,1.0493634,0.00027180728,5360082,FALSE POSITIVE
164.8001663305913,1.0501909,0.00027216817,5360082,FALSE POSITIVE
164.82060058019124,1.050534,0.00027212096,5360082,FALSE POSITIVE
164.84103472932475,1.0510302,0.00027212795,5360082,FALSE POSITIVE
164.8614690784525,1.0519599,0.0002719832,5360082,FALSE POSITIVE
164.88190332735394,1.0523378,0.00027153015,5360082,FALSE POSITIVE
164.90233747602178,1.0528291,0.00027215297,5360082,FALSE POSITIVE
164.92277172445029,1.0534133,0.00027208653,5360082,FALSE POSITIVE
164.94320607242116,1.0543283,0.0002720317,5360082,FALSE POSITIVE
164.96364022039052,1.0546339,0.00027173178,5360082,FALSE POSITIVE
164.9840744681278,1.0552193,0.00027237574,5360082,FALSE POSITIVE
